1609664984256 0 48
1609664984266 0 48
1609665067460 1 97
1609665067473 1 97
1609665151416 2 146
1609665151426 2 146
1609665235987 3 195
1609665235996 3 195
1609665319531 4 244
1609665319540 4 244
1609665403054 5 293
1609665403064 5 293
1609665486985 6 342
1609665486995 6 342
1609665570772 7 391
1609665570782 7 391
1609665654509 8 440
1609665654519 8 440
1609665736450 9 489
1609665736460 9 489
1609665819399 10 538
1609665819410 10 538
1609665903290 11 587
1609665903300 11 587
1609665986537 12 636
1609665986551 12 636
1609666068550 13 685
1609666068561 13 685
1609666151434 14 734
1609666151445 14 734
1609666234081 15 783
1609666234096 15 783
1609666317412 16 832
1609666317424 16 832
1609666398672 17 881
1609666398682 17 881
1609666480340 18 930
1609666480352 18 930
1609666563391 19 979
1609666563404 19 979
1609666647775 20 1028
1609666647787 20 1028
1609666731384 21 1077
1609666731398 21 1077
1609666812530 22 1126
1609666812544 22 1126
1609666896406 23 1175
1609666896415 23 1175
1609666979288 24 1224
1609666979298 24 1224
1609667061531 25 1273
1609667061544 25 1273
1609667146202 26 1322
1609667146212 26 1322
1609667229599 27 1371
1609667229608 27 1371
1609667312778 28 1420
1609667312791 28 1420
1609667396376 29 1469
1609667396386 29 1469
