1609331392571 3.0607686042785645 48
1609331425864 2.8729522228240967 97
1609331459217 2.740356683731079 146
1609331492339 2.649993896484375 195
1609331525750 2.5391533374786377 244
1609331558420 2.4007647037506104 293
1609331591572 2.315520763397217 342
1609331624275 2.18511700630188 391
1609331657433 2.053100109100342 440
1609331690564 2.024073362350464 489
1609331723615 1.9804654121398926 538
1609331756737 1.9674166440963745 587
1609331789525 1.9781913757324219 636
1609331822325 1.988520860671997 685
1609331855116 2.06357479095459 734
1609331887750 1.9929295778274536 783
1609331920571 1.9883333444595337 832
1609331953375 2.0089147090911865 881
1609331986442 1.9605200290679932 930
1609332019811 1.9042418003082275 979
1609332052384 1.8510973453521729 1028
1609332084892 1.7105457782745361 1077
1609332117653 1.6165820360183716 1126
1609332150365 1.5533007383346558 1175
1609332183384 1.3426374197006226 1224
1609332216605 1.2727853059768677 1273
1609332250217 1.065831184387207 1322
1609332283243 0.9181636571884155 1371
1609332316484 0.8274900317192078 1420
1609332349476 0.7195281982421875 1469
