1609407057118 0 48
1609407057127 0 48
1609407086737 1 97
1609407086745 1 97
1609407116798 2 146
1609407116807 2 146
1609407146884 3 195
1609407146893 3 195
1609407176886 4 244
1609407176895 4 244
1609407207137 5 293
1609407207146 5 293
1609407237246 6 342
1609407237254 6 342
1609407267382 7 391
1609407267391 7 391
1609407297376 8 440
1609407297385 8 440
1609407327046 9 489
1609407327057 9 489
1609407357248 10 538
1609407357257 10 538
1609407386990 11 587
1609407386999 11 587
1609407416755 12 636
1609407416765 12 636
1609407446586 13 685
1609407446598 13 685
1609407476361 14 734
1609407476371 14 734
1609407506026 15 783
1609407506036 15 783
1609407535951 16 832
1609407535961 16 832
1609407565794 17 881
1609407565807 17 881
1609407595552 18 930
1609407595563 18 930
1609407625227 19 979
1609407625238 19 979
1609407654971 20 1028
1609407654981 20 1028
1609407684649 21 1077
1609407684660 21 1077
1609407714456 22 1126
1609407714465 22 1126
1609407744223 23 1175
1609407744236 23 1175
1609407773942 24 1224
1609407773953 24 1224
1609407804173 25 1273
1609407804182 25 1273
1609407834468 26 1322
1609407834477 26 1322
1609407864647 27 1371
1609407864656 27 1371
1609407895250 28 1420
1609407895259 28 1420
1609407925083 29 1469
1609407925093 29 1469
1609407954856 30 1518
1609407954866 30 1518
1609407984825 31 1567
1609407984834 31 1567
1609408014620 32 1616
1609408014631 32 1616
1609408044303 33 1665
1609408044312 33 1665
1609408074423 34 1714
1609408074434 34 1714
1609408104242 35 1763
1609408104252 35 1763
1609408134082 36 1812
1609408134091 36 1812
1609408164192 37 1861
1609408164203 37 1861
1609408194080 38 1910
1609408194091 38 1910
1609408223892 39 1959
1609408223901 39 1959
1609408253735 40 2008
1609408253744 40 2008
1609408283527 41 2057
1609408283537 41 2057
1609408313443 42 2106
1609408313453 42 2106
1609408343787 43 2155
1609408343797 43 2155
1609408373509 44 2204
1609408373518 44 2204
1609408403753 45 2253
1609408403762 45 2253
1609408433489 46 2302
1609408433502 46 2302
1609408463783 47 2351
1609408463792 47 2351
1609408494031 48 2400
1609408494040 48 2400
1609408524403 49 2449
1609408524412 49 2449
1609408554291 50 2498
1609408554302 50 2498
1609408583982 51 2547
1609408583991 51 2547
1609408613777 52 2596
1609408613786 52 2596
1609408643689 53 2645
1609408643697 53 2645
1609408673538 54 2694
1609408673547 54 2694
1609408703393 55 2743
1609408703403 55 2743
1609408733465 56 2792
1609408733475 56 2792
1609408763351 57 2841
1609408763361 57 2841
1609408793249 58 2890
1609408793257 58 2890
1609408822941 59 2939
1609408822951 59 2939
1609408853037 60 2988
1609408853051 60 2988
1609408882943 61 3037
1609408882954 61 3037
1609408913334 62 3086
1609408913346 62 3086
1609408943190 63 3135
1609408943199 63 3135
1609408973023 64 3184
1609408973033 64 3184
1609409003053 65 3233
1609409003064 65 3233
1609409033275 66 3282
1609409033284 66 3282
1609409063193 67 3331
1609409063203 67 3331
1609409093040 68 3380
1609409093051 68 3380
1609409123303 69 3429
1609409123313 69 3429
1609409153578 70 3478
1609409153587 70 3478
1609409183290 71 3527
1609409183301 71 3527
1609409213551 72 3576
1609409213561 72 3576
1609409243596 73 3625
1609409243607 73 3625
1609409273597 74 3674
1609409273606 74 3674
1609409303439 75 3723
1609409303448 75 3723
1609409333196 76 3772
1609409333207 76 3772
1609409363057 77 3821
1609409363066 77 3821
1609409392778 78 3870
1609409392790 78 3870
1609409422584 79 3919
1609409422594 79 3919
