1609659090305 0.22096312046051025 48
1609659172534 0.2759210765361786 97
1609659256076 0.34031298756599426 146
1609659338779 0.352096825838089 195
1609659422736 0.4332138001918793 244
1609659506613 0.4593534767627716 293
1609659589840 0.5131414532661438 342
1609659674428 0.5391649603843689 391
1609659757361 0.5357474684715271 440
1609659840823 0.626238226890564 489
1609659924143 0.6078725457191467 538
1609660006592 0.5962955951690674 587
1609660089181 0.5226190090179443 636
1609660171684 0.5615542531013489 685
1609660254561 0.5862274765968323 734
1609660337647 0.5809757113456726 783
1609660421421 0.5450049638748169 832
1609660504337 0.574229896068573 881
1609660587793 0.5948144793510437 930
1609660670189 0.6125066876411438 979
1609660752416 0.6110603213310242 1028
1609660834914 0.6888152360916138 1077
1609660917985 0.69084632396698 1126
1609661001642 0.5869649648666382 1175
1609661083691 0.7351104617118835 1224
1609661166514 0.6316128969192505 1273
1609661248890 0.7489582300186157 1322
1609661332030 0.714151918888092 1371
1609661415232 0.6341612339019775 1420
1609661499927 0.7675678133964539 1469
