1609703331550 3.0049493312835693 48
1609703412873 2.7183377742767334 97
1609703496255 2.5475118160247803 146
1609703578677 2.3983423709869385 195
1609703660446 2.232210636138916 244
1609703742147 2.1097803115844727 293
1609703824528 1.9485158920288086 342
1609703906777 1.790260910987854 391
1609703989012 1.7143634557724 440
1609704070604 1.6029491424560547 489
1609704152242 1.5588736534118652 538
1609704234818 1.6176525354385376 587
1609704317237 1.6073243618011475 636
1609704399433 1.5984991788864136 685
1609704480949 1.721980094909668 734
1609704562734 1.838275671005249 783
1609704644659 1.8533082008361816 832
1609704726246 1.915797233581543 881
1609704807249 1.7899932861328125 930
1609704889027 1.8050562143325806 979
1609704971177 1.7928407192230225 1028
1609705053683 1.710479736328125 1077
1609705135903 1.593615174293518 1126
1609705218508 1.4622544050216675 1175
1609705301188 1.3535126447677612 1224
1609705383089 1.2939203977584839 1273
1609705465215 1.0481626987457275 1322
1609705547586 0.9969136118888855 1371
1609705630357 0.8510797023773193 1420
1609705713864 0.8319023251533508 1469
