1609407057127 3.106964349746704 48
1609407086745 2.963660717010498 97
1609407116807 2.879365921020508 146
1609407146893 2.7297871112823486 195
1609407176895 2.5591909885406494 244
1609407207146 2.47375750541687 293
1609407237254 2.317697048187256 342
1609407267391 2.2363979816436768 391
1609407297385 2.050440549850464 440
1609407327057 2.0501363277435303 489
1609407357257 2.015852212905884 538
1609407386999 2.0304298400878906 587
1609407416765 2.060070753097534 636
1609407446598 2.054375648498535 685
1609407476371 2.1773245334625244 734
1609407506036 2.135080575942993 783
1609407535961 2.165794849395752 832
1609407565807 2.14691424369812 881
1609407595563 2.2151565551757812 930
1609407625238 2.20473313331604 979
1609407654981 2.1612720489501953 1028
1609407684660 2.1644725799560547 1077
1609407714465 1.958744764328003 1126
1609407744236 1.9267802238464355 1175
1609407773953 1.8729792833328247 1224
1609407804182 1.7989797592163086 1273
1609407834477 1.6183116436004639 1322
1609407864656 1.328599214553833 1371
1609407895259 1.4780099391937256 1420
1609407925093 1.4709657430648804 1469
1609407954866 1.4283751249313354 1518
1609407984834 1.4718925952911377 1567
1609408014631 1.4700531959533691 1616
1609408044312 1.4579834938049316 1665
1609408074434 1.3929696083068848 1714
1609408104252 1.4770723581314087 1763
1609408134091 1.5915266275405884 1812
1609408164203 1.5371192693710327 1861
1609408194091 1.6665680408477783 1910
1609408223901 1.6456438302993774 1959
1609408253744 1.665548324584961 2008
1609408283537 1.6379698514938354 2057
1609408313453 1.5876076221466064 2106
1609408343797 1.5647910833358765 2155
1609408373518 1.514399766921997 2204
1609408403762 1.3544433116912842 2253
1609408433502 1.1673537492752075 2302
1609408463792 0.9669010639190674 2351
1609408494040 1.1196463108062744 2400
1609408524412 0.9725410342216492 2449
1609408554302 0.8870477676391602 2498
1609408583991 0.9353739023208618 2547
1609408613786 0.8634909391403198 2596
1609408643697 0.9773110747337341 2645
1609408673547 1.1579477787017822 2694
1609408703403 1.0138421058654785 2743
1609408733475 1.1199675798416138 2792
1609408763361 1.3607927560806274 2841
1609408793257 1.244383454322815 2890
1609408822951 1.3139127492904663 2939
1609408853051 1.3907157182693481 2988
1609408882954 1.240774393081665 3037
1609408913346 1.1014119386672974 3086
1609408943199 1.1324790716171265 3135
1609408973033 1.1150575876235962 3184
1609409003064 0.9129544496536255 3233
1609409033284 0.8670380115509033 3282
1609409063203 0.8127436637878418 3331
1609409093051 0.8715866208076477 3380
1609409123313 0.750851035118103 3429
1609409153587 0.7239325046539307 3478
1609409183301 0.6864318251609802 3527
1609409213561 0.9312542080879211 3576
1609409243607 0.8748077750205994 3625
1609409273606 0.8424732089042664 3674
1609409303448 0.6290979385375977 3723
1609409333207 0.9033561944961548 3772
1609409363066 0.972129762172699 3821
1609409392790 1.1252796649932861 3870
1609409422594 0.9865526556968689 3919
