1609607673743 0 48
1609607673754 0 48
1609607764695 1 97
1609607764707 1 97
1609607855978 2 146
1609607855990 2 146
1609607947379 3 195
1609607947391 3 195
1609608037563 4 244
1609608037573 4 244
1609608129880 5 293
1609608129891 5 293
1609608220969 6 342
1609608220980 6 342
1609608312474 7 391
1609608312485 7 391
1609608404365 8 440
1609608404377 8 440
1609608495252 9 489
1609608495262 9 489
1609608587852 10 538
1609608587866 10 538
1609608679002 11 587
1609608679012 11 587
1609608769177 12 636
1609608769191 12 636
1609608860185 13 685
1609608860198 13 685
1609608951472 14 734
1609608951483 14 734
1609609043424 15 783
1609609043437 15 783
1609609133437 16 832
1609609133450 16 832
1609609223598 17 881
1609609223611 17 881
1609609314458 18 930
1609609314474 18 930
1609609406413 19 979
1609609406424 19 979
1609609497537 20 1028
1609609497553 20 1028
1609609588583 21 1077
1609609588596 21 1077
1609609681049 22 1126
1609609681059 22 1126
1609609772511 23 1175
1609609772522 23 1175
1609609864444 24 1224
1609609864456 24 1224
1609609956117 25 1273
1609609956131 25 1273
1609610048913 26 1322
1609610048924 26 1322
1609610141055 27 1371
1609610141066 27 1371
1609610236408 28 1420
1609610236419 28 1420
1609610328107 29 1469
1609610328118 29 1469
