1609332469879 0.253678560256958 48
1609332502773 0.36915525794029236 97
1609332535915 0.43190711736679077 146
1609332568892 0.5193502306938171 195
1609332602097 0.5596347451210022 244
1609332635383 0.6116873025894165 293
1609332668510 0.6515018343925476 342
1609332702011 0.6955481767654419 391
1609332735065 0.7338167428970337 440
1609332768385 0.7644058465957642 489
1609332801759 0.7756404280662537 538
1609332834986 0.7753984332084656 587
1609332867730 0.7581650614738464 636
1609332900265 0.7688521146774292 685
1609332932844 0.7462654709815979 734
1609332965448 0.7315899729728699 783
1609332998144 0.7380627393722534 832
1609333030903 0.7214133143424988 881
1609333063467 0.7252296209335327 930
1609333096198 0.722258448600769 979
1609333128937 0.7633957266807556 1028
1609333161799 0.7762799263000488 1077
1609333194431 0.7962629199028015 1126
1609333227310 0.8275283575057983 1175
1609333260252 0.842627227306366 1224
1609333293091 0.873491644859314 1273
1609333326168 0.8883968591690063 1322
1609333359358 0.906792938709259 1371
1609333392421 0.9327124357223511 1420
1609333425706 0.9285318851470947 1469
