1609348174551 3.0711824893951416 48
1609348208436 2.926955223083496 97
1609348242249 2.798278331756592 146
1609348275563 2.710503578186035 195
1609348309393 2.6379175186157227 244
1609348343211 2.540492534637451 293
1609348377180 2.4730544090270996 342
1609348411233 2.382153034210205 391
1609348444979 2.2967381477355957 440
1609348478763 2.272244691848755 489
1609348512531 2.2019641399383545 538
1609348546421 2.207641839981079 587
1609348580175 2.2181458473205566 636
1609348613492 2.2164554595947266 685
1609348646899 2.2629151344299316 734
1609348680279 2.2712976932525635 783
1609348713810 2.291898488998413 832
1609348747207 2.268298625946045 881
1609348780785 2.318392515182495 930
1609348814169 2.2436633110046387 979
1609348847580 2.24694561958313 1028
1609348881379 2.1118319034576416 1077
1609348915349 2.043142318725586 1126
1609348949170 1.9724280834197998 1175
1609348983468 1.8300453424453735 1224
1609349017283 1.7391983270645142 1273
1609349051445 1.6305218935012817 1322
1609349085370 1.439500093460083 1371
1609349119232 1.3314690589904785 1420
1609349153135 1.244513988494873 1469
