1609347089448 3.0340464115142822 48
1609347122252 2.7328827381134033 97
1609347155443 2.5517075061798096 146
1609347189004 2.3347129821777344 195
1609347222010 2.1232476234436035 244
1609347255458 1.950391411781311 293
1609347288867 1.7474747896194458 342
1609347322389 1.567310094833374 391
1609347355826 1.3771402835845947 440
1609347389241 1.2765614986419678 489
1609347422689 1.2617169618606567 538
1609347456150 1.2687793970108032 587
1609347489095 1.2558693885803223 636
1609347522074 1.3020482063293457 685
1609347555175 1.3974926471710205 734
1609347588108 1.5140130519866943 783
1609347621164 1.5015770196914673 832
1609347654233 1.676901936531067 881
1609347687192 1.5206429958343506 930
1609347720239 1.5044037103652954 979
1609347753290 1.5039654970169067 1028
1609347786304 1.3934752941131592 1077
1609347819363 1.2284159660339355 1126
1609347852368 1.0950902700424194 1175
1609347885419 0.9380433559417725 1224
1609347918884 0.8349497318267822 1273
1609347951914 0.6854932904243469 1322
1609347985559 0.5280286073684692 1371
1609348019002 0.427866131067276 1420
1609348052139 0.39469292759895325 1469
