1609331392571 0.22603179514408112 48
1609331425864 0.27475595474243164 97
1609331459217 0.3195032477378845 146
1609331492339 0.34459906816482544 195
1609331525750 0.38247230648994446 244
1609331558420 0.42554327845573425 293
1609331591572 0.4526231288909912 342
1609331624275 0.4931820333003998 391
1609331657433 0.5283392667770386 440
1609331690564 0.5564777851104736 489
1609331723615 0.5425562262535095 538
1609331756737 0.5510759949684143 587
1609331789525 0.5526798367500305 636
1609331822325 0.5561065673828125 685
1609331855116 0.5256446599960327 734
1609331887750 0.5656883120536804 783
1609331920571 0.5870333313941956 832
1609331953375 0.5833469033241272 881
1609331986442 0.6084903478622437 930
1609332019811 0.6226083636283875 979
1609332052384 0.6411477327346802 1028
1609332084892 0.6857495307922363 1077
1609332117653 0.7014896869659424 1126
1609332150365 0.7335493564605713 1175
1609332183384 0.7756678462028503 1224
1609332216605 0.7870073318481445 1273
1609332250217 0.8298655152320862 1322
1609332283243 0.8492200374603271 1371
1609332316484 0.8728079795837402 1420
1609332349476 0.8791342973709106 1469
