1609697506150 3.0792043209075928 48
1609697588426 2.9057676792144775 97
1609697671289 2.8197293281555176 146
1609697754175 2.7834079265594482 195
1609697836809 2.7144076824188232 244
1609697920160 2.6039555072784424 293
1609698002863 2.570509672164917 342
1609698086076 2.5148186683654785 391
1609698168312 2.4519500732421875 440
1609698250863 2.40002703666687 489
1609698333834 2.410658836364746 538
1609698416289 2.3890020847320557 587
1609698499541 2.417637586593628 636
1609698582241 2.401303291320801 685
1609698664677 2.4632794857025146 734
1609698747418 2.4783222675323486 783
1609698830436 2.496792793273926 832
1609698913080 2.462498426437378 881
1609698995399 2.467768907546997 930
1609699078158 2.4639782905578613 979
1609699161699 2.3780529499053955 1028
1609699244442 2.3130812644958496 1077
1609699326701 2.328500270843506 1126
1609699409670 2.241457939147949 1175
1609699492639 2.1410038471221924 1224
1609699575889 2.0626351833343506 1273
1609699658032 1.9803327322006226 1322
1609699741594 1.9153358936309814 1371
1609699823814 1.8340156078338623 1420
1609699906104 1.7616275548934937 1469
