1609330329395 0.23851199448108673 48
1609330361509 0.33946073055267334 97
1609330394002 0.3971790075302124 146
1609330426773 0.47410714626312256 195
1609330459643 0.5261433124542236 244
1609330491930 0.562281608581543 293
1609330524655 0.623096764087677 342
1609330557248 0.6576957106590271 391
1609330589807 0.7038765549659729 440
1609330622584 0.7309642434120178 489
1609330655253 0.7481649518013 538
1609330688124 0.7266991138458252 587
1609330720847 0.7391734719276428 636
1609330753035 0.7387475371360779 685
1609330785341 0.7349304556846619 734
1609330817555 0.7116314768791199 783
1609330849940 0.7168083190917969 832
1609330882183 0.7218855023384094 881
1609330914494 0.7358546853065491 930
1609330946724 0.7386769652366638 979
1609330979036 0.7529751062393188 1028
1609331011223 0.7790135145187378 1077
1609331043522 0.7997099161148071 1126
1609331076285 0.8327491879463196 1175
1609331108573 0.8606668710708618 1224
1609331141269 0.8691192269325256 1273
1609331173920 0.8914133310317993 1322
1609331206634 0.9122650623321533 1371
1609331239378 0.92616206407547 1420
1609331272252 0.9329406023025513 1469
