1609662024834 0 48
1609662024845 0 48
1609662108255 1 97
1609662108265 1 97
1609662193140 2 146
1609662193151 2 146
1609662276634 3 195
1609662276645 3 195
1609662361431 4 244
1609662361441 4 244
1609662445119 5 293
1609662445130 5 293
1609662530058 6 342
1609662530069 6 342
1609662615093 7 391
1609662615103 7 391
1609662698640 8 440
1609662698651 8 440
1609662782907 9 489
1609662782918 9 489
1609662867897 10 538
1609662867907 10 538
1609662952389 11 587
1609662952399 11 587
1609663035756 12 636
1609663035767 12 636
1609663119661 13 685
1609663119675 13 685
1609663204004 14 734
1609663204018 14 734
1609663288067 15 783
1609663288077 15 783
1609663370220 16 832
1609663370233 16 832
1609663454067 17 881
1609663454082 17 881
1609663537673 18 930
1609663537684 18 930
1609663620648 19 979
1609663620659 19 979
1609663704958 20 1028
1609663704973 20 1028
1609663788093 21 1077
1609663788103 21 1077
1609663872213 22 1126
1609663872224 22 1126
1609663955223 23 1175
1609663955236 23 1175
1609664039433 24 1224
1609664039444 24 1224
1609664124132 25 1273
1609664124143 25 1273
1609664208381 26 1322
1609664208393 26 1322
1609664290700 27 1371
1609664290710 27 1371
1609664375680 28 1420
1609664375690 28 1420
1609664460556 29 1469
1609664460566 29 1469
