1609348174541 0 48
1609348174551 0 48
1609348208426 1 97
1609348208436 1 97
1609348242238 2 146
1609348242249 2 146
1609348275552 3 195
1609348275563 3 195
1609348309383 4 244
1609348309393 4 244
1609348343201 5 293
1609348343211 5 293
1609348377171 6 342
1609348377180 6 342
1609348411223 7 391
1609348411233 7 391
1609348444969 8 440
1609348444979 8 440
1609348478753 9 489
1609348478763 9 489
1609348512521 10 538
1609348512531 10 538
1609348546410 11 587
1609348546421 11 587
1609348580164 12 636
1609348580175 12 636
1609348613482 13 685
1609348613492 13 685
1609348646883 14 734
1609348646899 14 734
1609348680263 15 783
1609348680279 15 783
1609348713799 16 832
1609348713810 16 832
1609348747193 17 881
1609348747207 17 881
1609348780774 18 930
1609348780785 18 930
1609348814155 19 979
1609348814169 19 979
1609348847570 20 1028
1609348847580 20 1028
1609348881368 21 1077
1609348881379 21 1077
1609348915338 22 1126
1609348915349 22 1126
1609348949160 23 1175
1609348949170 23 1175
1609348983456 24 1224
1609348983468 24 1224
1609349017272 25 1273
1609349017283 25 1273
1609349051435 26 1322
1609349051445 26 1322
1609349085360 27 1371
1609349085370 27 1371
1609349119221 28 1420
1609349119232 28 1420
1609349153124 29 1469
1609349153135 29 1469
