1608626838404 0 48
1608626839407 0 48
1608626998652 1 97
1608626999717 1 97
1608627159249 2 146
1608627160416 2 146
1608627318938 3 195
1608627320029 3 195
1608627476933 4 244
1608627477990 4 244
1608627637709 5 293
1608627638990 5 293
1608627796245 6 342
1608627797378 6 342
1608627954224 7 391
1608627955314 7 391
1608628112853 8 440
1608628113894 8 440
1608628273679 9 489
1608628274759 9 489
1608628432797 10 538
1608628434011 10 538
1608628592517 11 587
1608628593788 11 587
1608628750624 12 636
1608628750666 12 636
1608628909256 13 685
1608628910393 13 685
1608629068104 14 734
1608629068131 14 734
1608629225925 15 783
1608629225953 15 783
1608629384317 16 832
1608629384344 16 832
1608629540522 17 881
1608629540547 17 881
1608629696017 18 930
1608629696046 18 930
1608629852436 19 979
1608629852464 19 979
1608630006762 20 1028
1608630006788 20 1028
1608630162146 21 1077
1608630162170 21 1077
1608630318743 22 1126
1608630318770 22 1126
1608630474448 23 1175
1608630475501 23 1175
1608630633509 24 1224
1608630634556 24 1224
1608630792377 25 1273
1608630792402 25 1273
1608630949697 26 1322
1608630950763 26 1322
1608631108031 27 1371
1608631109433 27 1371
1608631266124 28 1420
1608631267370 28 1420
1608631425464 29 1469
1608631426515 29 1469
