1608626839407 1.2759373188018799 48
1608626999717 1.120303988456726 97
1608627160416 1.0995752811431885 146
1608627320029 1.016268014907837 195
1608627477990 1.0027062892913818 244
1608627638990 0.9160929918289185 293
1608627797378 0.8691291809082031 342
1608627955314 0.8153843879699707 391
1608628113894 0.7575792074203491 440
1608628274759 0.7358585000038147 489
1608628434011 0.7316100597381592 538
1608628593788 0.7317352294921875 587
1608628750666 0.7373647689819336 636
1608628910393 0.7360703349113464 685
1608629068131 0.7449707984924316 734
1608629225953 0.7504538893699646 783
1608629384344 0.7949362993240356 832
1608629540547 0.809173583984375 881
1608629696046 0.8305547833442688 930
1608629852464 0.7700884938240051 979
1608630006788 0.7589321732521057 1028
1608630162170 0.7520477771759033 1077
1608630318770 0.6654967665672302 1126
1608630475501 0.6837835311889648 1175
1608630634556 0.5782546401023865 1224
1608630792402 0.5425063371658325 1273
1608630950763 0.4877887964248657 1322
1608631109433 0.42879432439804077 1371
1608631267370 0.3816179633140564 1420
1608631426515 0.369185209274292 1469
