1608626839407 0.22749023139476776 48
1608626999717 0.2821218967437744 97
1608627160416 0.31144917011260986 146
1608627320029 0.3535864055156708 195
1608627477990 0.36381658911705017 244
1608627638990 0.4046017527580261 293
1608627797378 0.4262709319591522 342
1608627955314 0.4665244221687317 391
1608628113894 0.47694265842437744 440
1608628274759 0.4955277740955353 489
1608628434011 0.5024664998054504 538
1608628593788 0.5099047422409058 587
1608628750666 0.49158453941345215 636
1608628910393 0.5000786781311035 685
1608629068131 0.5069259405136108 734
1608629225953 0.4953886568546295 783
1608629384344 0.4988856315612793 832
1608629540547 0.49849972128868103 881
1608629696046 0.4976517856121063 930
1608629852464 0.5161857604980469 979
1608630006788 0.5089988112449646 1028
1608630162170 0.5211490392684937 1077
1608630318770 0.5803784132003784 1126
1608630475501 0.571058452129364 1175
1608630634556 0.6288043260574341 1224
1608630792402 0.6528071761131287 1273
1608630950763 0.6790647506713867 1322
1608631109433 0.7133027911186218 1371
1608631267370 0.7314618229866028 1420
1608631426515 0.7429763078689575 1469
