1609411857504 3.050691604614258 48
1609411890431 2.75400710105896 97
1609411923267 2.5076918601989746 146
1609411956120 2.3371689319610596 195
1609411988866 2.1577625274658203 244
1609412021703 2.0485851764678955 293
1609412054457 1.7661609649658203 342
1609412087483 1.5966445207595825 391
1609412120275 1.4471334218978882 440
1609412153079 1.3521933555603027 489
1609412185845 1.3379441499710083 538
1609412218737 1.31929349899292 587
1609412251216 1.385007619857788 636
1609412283693 1.3851395845413208 685
1609412316083 1.4797016382217407 734
1609412348418 1.623225450515747 783
1609412380801 1.629772424697876 832
1609412413269 1.6810261011123657 881
1609412445681 1.6268372535705566 930
1609412478199 1.6261359453201294 979
1609412510739 1.578639268875122 1028
1609412543295 1.5415375232696533 1077
1609412575902 1.508786678314209 1126
1609412608396 1.2326802015304565 1175
1609412641238 1.1971148252487183 1224
1609412674184 1.0752118825912476 1273
1609412707100 0.8898557424545288 1322
1609412740056 0.8950167298316956 1371
1609412772898 0.8232910633087158 1420
1609412805880 0.8255303502082825 1469
1609412838496 0.633929967880249 1518
1609412870901 0.6700338125228882 1567
1609412903450 0.6011041402816772 1616
1609412935974 0.7276818752288818 1665
1609412968494 0.6734097599983215 1714
1609413000934 0.772382378578186 1763
1609413033389 1.016421914100647 1812
1609413065836 1.0391441583633423 1861
1609413098377 1.1518878936767578 1910
1609413130882 1.1719496250152588 1959
1609413163284 1.0834367275238037 2008
1609413195731 0.9658216834068298 2057
1609413228330 0.9661598205566406 2106
1609413260771 0.940345823764801 2155
1609413293325 0.7950063347816467 2204
1609413325916 0.8037773370742798 2253
1609413358376 0.5707259774208069 2302
1609413390862 0.5412724614143372 2351
1609413423442 0.48834842443466187 2400
1609413455963 0.6052961349487305 2449
