1609334620076 0.2669963538646698 48
1609334653268 0.33881238102912903 97
1609334686577 0.41770461201667786 146
1609334719707 0.4998128116130829 195
1609334752350 0.5443082451820374 244
1609334785366 0.5847549438476562 293
1609334818411 0.6240845322608948 342
1609334851417 0.6775241494178772 391
1609334884424 0.7144639492034912 440
1609334917441 0.7460273504257202 489
1609334950017 0.7538464069366455 538
1609334983173 0.7409970760345459 587
1609335015699 0.7308880686759949 636
1609335048404 0.7418248057365417 685
1609335081244 0.733038604259491 734
1609335113986 0.7067778706550598 783
1609335146535 0.6973478198051453 832
1609335179290 0.6824465990066528 881
1609335211749 0.7227208614349365 930
1609335244395 0.7025229930877686 979
1609335276679 0.7231329083442688 1028
1609335309255 0.7512811422348022 1077
1609335341748 0.767331600189209 1126
1609335374594 0.7896789908409119 1175
1609335407734 0.8172415494918823 1224
1609335440288 0.8702415823936462 1273
1609335473261 0.8860862851142883 1322
1609335506258 0.9001960754394531 1371
1609335539146 0.9156948328018188 1420
1609335572139 0.9329231977462769 1469
