1609691664877 0.1967543661594391 48
1609691747657 0.255306601524353 97
1609691829608 0.28630390763282776 146
1609691912317 0.36410748958587646 195
1609691994574 0.40679609775543213 244
1609692078208 0.4316060245037079 293
1609692160184 0.4697338938713074 342
1609692243150 0.4951881766319275 391
1609692326227 0.5232250690460205 440
1609692408137 0.5485478043556213 489
1609692491288 0.5429665446281433 538
1609692573401 0.5433266162872314 587
1609692656442 0.533759593963623 636
1609692738300 0.534356951713562 685
1609692820692 0.5552371144294739 734
1609692902245 0.5220698118209839 783
1609692984857 0.5412724614143372 832
1609693067284 0.5492754578590393 881
1609693149095 0.549219012260437 930
1609693231389 0.5603854060173035 979
1609693313923 0.5742031335830688 1028
1609693395318 0.603022038936615 1077
1609693478353 0.6173152327537537 1126
1609693560864 0.6471956372261047 1175
1609693643055 0.6671238541603088 1224
1609693726061 0.6834978461265564 1273
1609693807543 0.7056108713150024 1322
1609693890907 0.7287617325782776 1371
1609693972748 0.7347040176391602 1420
1609694055342 0.7425864934921265 1469
