1609667918658 0.22180898487567902 48
1609668000586 0.2367105484008789 97
1609668082670 0.27164196968078613 146
1609668165826 0.2836056053638458 195
1609668249325 0.2962569296360016 244
1609668332365 0.32413777709007263 293
1609668413808 0.3721844255924225 342
1609668496486 0.40446963906288147 391
1609668578933 0.42527827620506287 440
1609668661607 0.5019400715827942 489
1609668743385 0.5026406645774841 538
1609668825909 0.4730338752269745 587
1609668908544 0.474289208650589 636
1609668990849 0.4962512254714966 685
1609669073805 0.4242899715900421 734
1609669155902 0.4984714388847351 783
1609669238181 0.4760306775569916 832
1609669322091 0.4399197995662689 881
1609669405348 0.5134062767028809 930
1609669488400 0.5025117993354797 979
1609669570482 0.5137912631034851 1028
1609669652375 0.5387434363365173 1077
1609669735262 0.5886111855506897 1126
1609669817298 0.6213159561157227 1175
1609669899992 0.6139292120933533 1224
1609669983034 0.6160539388656616 1273
1609670065654 0.6516615748405457 1322
1609670149045 0.6573289036750793 1371
1609670231418 0.7234458923339844 1420
1609670314760 0.6091155409812927 1469
