1609079959655 0 48
1609079959666 0 48
1609079992110 1 97
1609079992121 1 97
1609080025297 2 146
1609080025307 2 146
1609080058320 3 195
1609080058332 3 195
1609080091472 4 244
1609080091482 4 244
1609080124669 5 293
1609080124679 5 293
1609080158399 6 342
1609080158409 6 342
1609080191650 7 391
1609080191660 7 391
1609080224680 8 440
1609080224690 8 440
1609080257678 9 489
1609080257688 9 489
1609080290531 10 538
1609080290543 10 538
1609080324278 11 587
1609080324288 11 587
1609080357302 12 636
1609080357315 12 636
1609080390378 13 685
1609080390390 13 685
1609080423322 14 734
1609080423331 14 734
1609080455848 15 783
1609080455860 15 783
1609080488767 16 832
1609080488778 16 832
1609080521627 17 881
1609080521637 17 881
1609080554816 18 930
1609080554826 18 930
1609080588728 19 979
1609080588738 19 979
1609080621424 20 1028
1609080621434 20 1028
1609080654260 21 1077
1609080654272 21 1077
1609080687110 22 1126
1609080687120 22 1126
1609080720037 23 1175
1609080720047 23 1175
1609080753355 24 1224
1609080753365 24 1224
1609080786785 25 1273
1609080786798 25 1273
1609080820303 26 1322
1609080820315 26 1322
1609080853651 27 1371
1609080853661 27 1371
1609080887141 28 1420
1609080887151 28 1420
1609080920873 29 1469
1609080920886 29 1469
1609080953961 30 1518
1609080953971 30 1518
1609080987386 31 1567
1609080987396 31 1567
1609081020269 32 1616
1609081020280 32 1616
1609081053101 33 1665
1609081053112 33 1665
1609081086198 34 1714
1609081086213 34 1714
1609081118997 35 1763
1609081119009 35 1763
1609081151768 36 1812
1609081151779 36 1812
1609081184804 37 1861
1609081184817 37 1861
1609081217701 38 1910
1609081217713 38 1910
1609081250585 39 1959
1609081250595 39 1959
1609081283572 40 2008
1609081283582 40 2008
1609081316558 41 2057
1609081316568 41 2057
1609081349411 42 2106
1609081349423 42 2106
1609081382092 43 2155
1609081382104 43 2155
1609081414839 44 2204
1609081414850 44 2204
1609081448205 45 2253
1609081448215 45 2253
1609081481310 46 2302
1609081481322 46 2302
1609081514285 47 2351
1609081514295 47 2351
1609081547152 48 2400
1609081547162 48 2400
1609081580083 49 2449
1609081580097 49 2449
1609081613134 50 2498
1609081613147 50 2498
1609081646135 51 2547
1609081646146 51 2547
1609081679420 52 2596
1609081679435 52 2596
1609081712227 53 2645
1609081712239 53 2645
1609081745268 54 2694
1609081745281 54 2694
1609081778172 55 2743
1609081778182 55 2743
1609081811794 56 2792
1609081811807 56 2792
1609081844724 57 2841
1609081844735 57 2841
1609081877640 58 2890
1609081877650 58 2890
1609081910477 59 2939
1609081910490 59 2939
1609081943623 60 2988
1609081943636 60 2988
1609081977032 61 3037
1609081977044 61 3037
1609082010179 62 3086
1609082010188 62 3086
1609082043230 63 3135
1609082043243 63 3135
1609082076586 64 3184
1609082076600 64 3184
1609082109396 65 3233
1609082109410 65 3233
1609082142075 66 3282
1609082142086 66 3282
1609082175171 67 3331
1609082175181 67 3331
1609082208423 68 3380
1609082208433 68 3380
1609082241366 69 3429
1609082241376 69 3429
1609082274192 70 3478
1609082274203 70 3478
1609082307289 71 3527
1609082307300 71 3527
1609082340341 72 3576
1609082340353 72 3576
1609082373500 73 3625
1609082373511 73 3625
1609082406321 74 3674
1609082406334 74 3674
1609082439056 75 3723
1609082439066 75 3723
1609082471811 76 3772
1609082471823 76 3772
1609082504664 77 3821
1609082504675 77 3821
1609082537423 78 3870
1609082537435 78 3870
1609082570797 79 3919
1609082570807 79 3919
1609082604097 80 3968
1609082604110 80 3968
1609082637052 81 4017
1609082637064 81 4017
1609082670133 82 4066
1609082670145 82 4066
1609082702896 83 4115
1609082702911 83 4115
1609082736182 84 4164
1609082736195 84 4164
1609082769109 85 4213
1609082769122 85 4213
1609082802365 86 4262
1609082802376 86 4262
1609082835283 87 4311
1609082835293 87 4311
1609082868667 88 4360
1609082868677 88 4360
1609082901697 89 4409
1609082901707 89 4409
1609082934917 90 4458
1609082934927 90 4458
1609082967566 91 4507
1609082967580 91 4507
1609083000547 92 4556
1609083000559 92 4556
1609083033833 93 4605
1609083033846 93 4605
1609083066466 94 4654
1609083066476 94 4654
1609083099340 95 4703
1609083099350 95 4703
1609083132133 96 4752
1609083132145 96 4752
1609083165189 97 4801
1609083165199 97 4801
1609083198286 98 4850
1609083198299 98 4850
1609083231397 99 4899
1609083231408 99 4899
