1609503588826 0.21066908538341522 48
1609503623794 0.23892998695373535 97
1609503658943 0.2483113557100296 146
1609503694108 0.2691788673400879 195
1609503729233 0.2863079309463501 244
1609503764773 0.37698864936828613 293
1609503800280 0.40856513381004333 342
1609503835530 0.4530867338180542 391
1609503870873 0.49943363666534424 440
1609503906073 0.508902370929718 489
1609503940828 0.5320953130722046 538
1609503975395 0.5088816285133362 587
1609504010318 0.519209086894989 636
1609504045541 0.5206267237663269 685
1609504080214 0.5196037292480469 734
1609504115473 0.5180695652961731 783
1609504150230 0.5073791146278381 832
1609504185427 0.5097739696502686 881
1609504219896 0.5356042981147766 930
1609504254503 0.5150789618492126 979
1609504289195 0.5354936718940735 1028
1609504323879 0.5653666257858276 1077
1609504358471 0.5771844983100891 1126
1609504393510 0.6180671453475952 1175
1609504428462 0.6429395079612732 1224
1609504463445 0.6767051815986633 1273
1609504498347 0.720959484577179 1322
1609504532828 0.7486414909362793 1371
1609504567793 0.7763293981552124 1420
1609504603930 0.7865898013114929 1469
1609504639345 0.7948468327522278 1518
1609504675175 0.7912515997886658 1567
1609504710687 0.7895373106002808 1616
1609504745602 0.7823238372802734 1665
1609504780425 0.7812744975090027 1714
1609504815352 0.75725257396698 1763
1609504850394 0.7452011704444885 1812
1609504884878 0.7363723516464233 1861
1609504919994 0.7421441674232483 1910
1609504954539 0.7603222727775574 1959
