1609000029200 0 48
1609000029210 0 48
1609000062203 1 97
1609000062213 1 97
1609000095341 2 146
1609000095351 2 146
1609000127991 3 195
1609000128001 3 195
1609000160968 4 244
1609000160978 4 244
1609000194474 5 293
1609000194484 5 293
1609000227369 6 342
1609000227380 6 342
1609000259952 7 391
1609000259962 7 391
1609000292460 8 440
1609000292471 8 440
1609000325318 9 489
1609000325328 9 489
1609000358019 10 538
1609000358030 10 538
1609000391414 11 587
1609000391424 11 587
1609000423855 12 636
1609000423868 12 636
1609000456308 13 685
1609000456321 13 685
1609000488640 14 734
1609000488651 14 734
1609000521609 15 783
1609000521620 15 783
1609000554835 16 832
1609000554846 16 832
1609000587338 17 881
1609000587352 17 881
1609000619876 18 930
1609000619887 18 930
1609000652274 19 979
1609000652285 19 979
1609000684471 20 1028
1609000684483 20 1028
1609000716832 21 1077
1609000716843 21 1077
1609000749382 22 1126
1609000749394 22 1126
1609000781515 23 1175
1609000781527 23 1175
1609000814380 24 1224
1609000814390 24 1224
1609000847099 25 1273
1609000847113 25 1273
1609000879821 26 1322
1609000879831 26 1322
1609000912517 27 1371
1609000912528 27 1371
1609000945056 28 1420
1609000945066 28 1420
1609000977906 29 1469
1609000977916 29 1469
1609001011476 30 1518
1609001011486 30 1518
1609001044092 31 1567
1609001044107 31 1567
1609001076946 32 1616
1609001076956 32 1616
1609001109621 33 1665
1609001109632 33 1665
1609001141865 34 1714
1609001141879 34 1714
1609001174563 35 1763
1609001174576 35 1763
1609001206998 36 1812
1609001207010 36 1812
1609001239649 37 1861
1609001239661 37 1861
1609001271965 38 1910
1609001271978 38 1910
1609001304509 39 1959
1609001304522 39 1959
1609001336813 40 2008
1609001336826 40 2008
1609001368994 41 2057
1609001369006 41 2057
1609001401494 42 2106
1609001401505 42 2106
1609001433949 43 2155
1609001433960 43 2155
1609001466350 44 2204
1609001466362 44 2204
1609001498764 45 2253
1609001498775 45 2253
1609001531877 46 2302
1609001531887 46 2302
1609001564057 47 2351
1609001564073 47 2351
1609001596126 48 2400
1609001596138 48 2400
1609001628419 49 2449
1609001628432 49 2449
1609001661296 50 2498
1609001661309 50 2498
1609001693384 51 2547
1609001693398 51 2547
1609001725835 52 2596
1609001725847 52 2596
1609001758052 53 2645
1609001758067 53 2645
1609001790136 54 2694
1609001790148 54 2694
1609001822366 55 2743
1609001822381 55 2743
1609001854879 56 2792
1609001854891 56 2792
1609001886879 57 2841
1609001886891 57 2841
1609001919058 58 2890
1609001919070 58 2890
1609001951510 59 2939
1609001951523 59 2939
1609001983986 60 2988
1609001983998 60 2988
1609002016382 61 3037
1609002016395 61 3037
1609002048425 62 3086
1609002048438 62 3086
1609002081096 63 3135
1609002081110 63 3135
1609002113167 64 3184
1609002113182 64 3184
1609002145086 65 3233
1609002145098 65 3233
1609002177849 66 3282
1609002177860 66 3282
1609002210412 67 3331
1609002210423 67 3331
1609002242494 68 3380
1609002242506 68 3380
1609002275263 69 3429
1609002275275 69 3429
1609002307381 70 3478
1609002307393 70 3478
1609002339594 71 3527
1609002339606 71 3527
1609002371886 72 3576
1609002371898 72 3576
1609002404719 73 3625
1609002404732 73 3625
1609002436698 74 3674
1609002436710 74 3674
1609002468766 75 3723
1609002468781 75 3723
1609002501686 76 3772
1609002501700 76 3772
1609002534055 77 3821
1609002534065 77 3821
1609002566543 78 3870
1609002566556 78 3870
1609002598629 79 3919
1609002598643 79 3919
1609002630623 80 3968
1609002630633 80 3968
1609002663393 81 4017
1609002663403 81 4017
1609002695702 82 4066
1609002695715 82 4066
1609002727999 83 4115
1609002728012 83 4115
1609002760335 84 4164
1609002760345 84 4164
1609002792784 85 4213
1609002792795 85 4213
1609002824889 86 4262
1609002824902 86 4262
1609002856965 87 4311
1609002856975 87 4311
1609002889248 88 4360
1609002889263 88 4360
1609002921414 89 4409
1609002921428 89 4409
1609002953502 90 4458
1609002953512 90 4458
1609002985669 91 4507
1609002985679 91 4507
1609003018125 92 4556
1609003018136 92 4556
1609003050309 93 4605
1609003050322 93 4605
1609003082972 94 4654
1609003082986 94 4654
1609003115164 95 4703
1609003115179 95 4703
1609003147555 96 4752
1609003147568 96 4752
1609003179488 97 4801
1609003179501 97 4801
1609003211921 98 4850
1609003211936 98 4850
1609003244162 99 4899
1609003244175 99 4899
1609003351763 0 48
1609003351772 0 48
1609003384546 1 97
1609003384558 1 97
1609003417244 2 146
1609003417255 2 146
1609003450259 3 195
1609003450271 3 195
1609003483277 4 244
1609003483291 4 244
1609003516025 5 293
1609003516037 5 293
1609003549107 6 342
1609003549117 6 342
1609003581883 7 391
1609003581895 7 391
1609003614821 8 440
1609003614831 8 440
1609003647982 9 489
1609003647994 9 489
1609003681009 10 538
1609003681020 10 538
1609003713867 11 587
1609003713877 11 587
1609003746583 12 636
1609003746597 12 636
1609003779319 13 685
1609003779329 13 685
1609003811726 14 734
1609003811738 14 734
1609003844052 15 783
1609003844062 15 783
1609003876542 16 832
1609003876556 16 832
1609003908926 17 881
1609003908937 17 881
1609003941769 18 930
1609003941782 18 930
1609003974070 19 979
1609003974081 19 979
1609004006544 20 1028
1609004006559 20 1028
1609004039164 21 1077
1609004039177 21 1077
1609004072223 22 1126
1609004072234 22 1126
1609004105089 23 1175
1609004105105 23 1175
1609004137713 24 1224
1609004137726 24 1224
1609004170516 25 1273
1609004170528 25 1273
1609004203586 26 1322
1609004203597 26 1322
1609004236915 27 1371
1609004236925 27 1371
1609004269938 28 1420
1609004269948 28 1420
1609004302989 29 1469
1609004303000 29 1469
1609004335986 30 1518
1609004335998 30 1518
1609004368934 31 1567
1609004368944 31 1567
1609004401659 32 1616
1609004401670 32 1616
1609004433999 33 1665
1609004434012 33 1665
1609004466634 34 1714
1609004466648 34 1714
1609004498980 35 1763
1609004498993 35 1763
1609004531861 36 1812
1609004531876 36 1812
1609004564202 37 1861
1609004564214 37 1861
1609004596777 38 1910
1609004596792 38 1910
1609004628909 39 1959
1609004628919 39 1959
1609004661486 40 2008
1609004661497 40 2008
1609004694046 41 2057
1609004694058 41 2057
1609004726791 42 2106
1609004726802 42 2106
1609004759858 43 2155
1609004759873 43 2155
1609004792396 44 2204
1609004792406 44 2204
1609004825049 45 2253
1609004825059 45 2253
1609004857680 46 2302
1609004857692 46 2302
1609004890668 47 2351
1609004890680 47 2351
1609004923485 48 2400
1609004923494 48 2400
1609004955969 49 2449
1609004955982 49 2449
1609004988640 50 2498
1609004988654 50 2498
1609005021163 51 2547
1609005021173 51 2547
1609005054077 52 2596
1609005054087 52 2596
1609005086796 53 2645
1609005086811 53 2645
1609005119459 54 2694
1609005119472 54 2694
1609005151818 55 2743
1609005151831 55 2743
1609005184438 56 2792
1609005184448 56 2792
1609005216910 57 2841
1609005216925 57 2841
1609005249392 58 2890
1609005249409 58 2890
1609005282100 59 2939
1609005282112 59 2939
1609005314409 60 2988
1609005314419 60 2988
1609005346854 61 3037
1609005346864 61 3037
1609005379261 62 3086
1609005379275 62 3086
1609005411627 63 3135
1609005411637 63 3135
1609005444402 64 3184
1609005444415 64 3184
1609005478236 65 3233
1609005478247 65 3233
1609005510958 66 3282
1609005510970 66 3282
1609005543933 67 3331
1609005543944 67 3331
1609005577133 68 3380
1609005577143 68 3380
1609005610263 69 3429
1609005610273 69 3429
1609005642599 70 3478
1609005642612 70 3478
1609005675362 71 3527
1609005675375 71 3527
1609005707717 72 3576
1609005707730 72 3576
1609005740625 73 3625
1609005740636 73 3625
1609005773371 74 3674
1609005773384 74 3674
1609005805864 75 3723
1609005805876 75 3723
1609005838594 76 3772
1609005838609 76 3772
1609005871553 77 3821
1609005871568 77 3821
1609005904233 78 3870
1609005904246 78 3870
1609005936532 79 3919
1609005936543 79 3919
1609005968846 80 3968
1609005968858 80 3968
1609006001074 81 4017
1609006001088 81 4017
1609006033608 82 4066
1609006033622 82 4066
1609006065983 83 4115
1609006065994 83 4115
1609006098836 84 4164
1609006098846 84 4164
1609006131248 85 4213
1609006131262 85 4213
1609006164141 86 4262
1609006164152 86 4262
1609006196813 87 4311
1609006196826 87 4311
1609006229183 88 4360
1609006229195 88 4360
1609006261933 89 4409
1609006261947 89 4409
1609006294511 90 4458
1609006294523 90 4458
1609006327266 91 4507
1609006327278 91 4507
1609006360320 92 4556
1609006360333 92 4556
1609006392830 93 4605
1609006392843 93 4605
1609006425192 94 4654
1609006425206 94 4654
1609006457847 95 4703
1609006457860 95 4703
1609006490276 96 4752
1609006490289 96 4752
1609006523254 97 4801
1609006523266 97 4801
1609006556039 98 4850
1609006556052 98 4850
1609006588453 99 4899
1609006588464 99 4899
1609006695994 0 48
1609006696005 0 48
1609006728851 1 97
1609006728860 1 97
1609006762167 2 146
1609006762177 2 146
1609006794837 3 195
1609006794849 3 195
1609006827555 4 244
1609006827565 4 244
1609006860123 5 293
1609006860136 5 293
1609006893229 6 342
1609006893239 6 342
1609006926732 7 391
1609006926742 7 391
1609006959584 8 440
1609006959593 8 440
1609006992352 9 489
1609006992362 9 489
1609007025361 10 538
1609007025372 10 538
1609007058154 11 587
1609007058164 11 587
1609007090859 12 636
1609007090872 12 636
1609007123322 13 685
1609007123334 13 685
1609007156306 14 734
1609007156318 14 734
1609007189206 15 783
1609007189216 15 783
1609007221811 16 832
1609007221824 16 832
1609007254309 17 881
1609007254321 17 881
1609007287077 18 930
1609007287087 18 930
1609007320137 19 979
1609007320149 19 979
1609007352603 20 1028
1609007352614 20 1028
1609007385006 21 1077
1609007385020 21 1077
1609007417921 22 1126
1609007417933 22 1126
1609007450765 23 1175
1609007450776 23 1175
1609007483957 24 1224
1609007483967 24 1224
1609007516725 25 1273
1609007516736 25 1273
1609007550354 26 1322
1609007550364 26 1322
1609007583814 27 1371
1609007583824 27 1371
1609007616685 28 1420
1609007616694 28 1420
1609007649342 29 1469
1609007649353 29 1469
1609007681878 30 1518
1609007681888 30 1518
1609007714266 31 1567
1609007714277 31 1567
1609007747048 32 1616
1609007747059 32 1616
1609007779601 33 1665
1609007779612 33 1665
1609007812261 34 1714
1609007812273 34 1714
1609007844593 35 1763
1609007844604 35 1763
1609007877591 36 1812
1609007877604 36 1812
1609007909978 37 1861
1609007909987 37 1861
1609007942820 38 1910
1609007942831 38 1910
1609007975456 39 1959
1609007975471 39 1959
1609008008239 40 2008
1609008008252 40 2008
1609008040861 41 2057
1609008040873 41 2057
1609008073901 42 2106
1609008073913 42 2106
1609008106401 43 2155
1609008106412 43 2155
1609008139272 44 2204
1609008139286 44 2204
1609008171841 45 2253
1609008171855 45 2253
1609008204512 46 2302
1609008204526 46 2302
1609008237041 47 2351
1609008237053 47 2351
1609008269590 48 2400
1609008269602 48 2400
1609008302097 49 2449
1609008302107 49 2449
1609008335207 50 2498
1609008335216 50 2498
1609008368019 51 2547
1609008368029 51 2547
1609008400763 52 2596
1609008400774 52 2596
1609008433735 53 2645
1609008433747 53 2645
1609008466227 54 2694
1609008466239 54 2694
1609008499433 55 2743
1609008499447 55 2743
1609008531846 56 2792
1609008531858 56 2792
1609008564560 57 2841
1609008564571 57 2841
1609008597356 58 2890
1609008597368 58 2890
1609008630472 59 2939
1609008630486 59 2939
1609008663274 60 2988
1609008663286 60 2988
1609008696090 61 3037
1609008696103 61 3037
1609008728357 62 3086
1609008728370 62 3086
1609008761461 63 3135
1609008761471 63 3135
1609008794310 64 3184
1609008794323 64 3184
1609008827375 65 3233
1609008827388 65 3233
1609008860277 66 3282
1609008860289 66 3282
1609008892880 67 3331
1609008892895 67 3331
1609008926043 68 3380
1609008926057 68 3380
1609008958768 69 3429
1609008958777 69 3429
1609008991563 70 3478
1609008991576 70 3478
1609009023942 71 3527
1609009023952 71 3527
1609009056286 72 3576
1609009056296 72 3576
1609009088694 73 3625
1609009088705 73 3625
1609009121269 74 3674
1609009121283 74 3674
1609009154285 75 3723
1609009154297 75 3723
1609009186675 76 3772
1609009186687 76 3772
1609009219495 77 3821
1609009219507 77 3821
1609009252107 78 3870
1609009252120 78 3870
1609009285441 79 3919
1609009285451 79 3919
1609009318190 80 3968
1609009318201 80 3968
1609009350918 81 4017
1609009350931 81 4017
1609009383340 82 4066
1609009383350 82 4066
1609009416232 83 4115
1609009416243 83 4115
1609009448755 84 4164
1609009448766 84 4164
1609009481258 85 4213
1609009481272 85 4213
1609009513856 86 4262
1609009513867 86 4262
1609009546914 87 4311
1609009546928 87 4311
1609009579420 88 4360
1609009579431 88 4360
1609009612500 89 4409
1609009612512 89 4409
1609009645373 90 4458
1609009645383 90 4458
1609009677964 91 4507
1609009677976 91 4507
1609009711010 92 4556
1609009711020 92 4556
1609009743681 93 4605
1609009743695 93 4605
1609009776237 94 4654
1609009776250 94 4654
1609009808803 95 4703
1609009808815 95 4703
1609009841512 96 4752
1609009841526 96 4752
1609009874234 97 4801
1609009874247 97 4801
1609009907404 98 4850
1609009907414 98 4850
1609009939791 99 4899
1609009939802 99 4899
1609010047770 0 48
1609010047779 0 48
1609010080938 1 97
1609010080947 1 97
1609010113404 2 146
1609010113417 2 146
1609010146149 3 195
1609010146158 3 195
1609010179216 4 244
1609010179224 4 244
1609010212164 5 293
1609010212173 5 293
1609010245256 6 342
1609010245266 6 342
1609010278292 7 391
1609010278301 7 391
1609010311538 8 440
1609010311547 8 440
1609010344407 9 489
1609010344416 9 489
1609010378076 10 538
1609010378085 10 538
1609010411016 11 587
1609010411025 11 587
1609010443250 12 636
1609010443259 12 636
1609010475719 13 685
1609010475729 13 685
1609010508249 14 734
1609010508261 14 734
1609010541007 15 783
1609010541017 15 783
1609010573458 16 832
1609010573467 16 832
1609010606031 17 881
1609010606040 17 881
1609010638469 18 930
1609010638481 18 930
1609010670737 19 979
1609010670746 19 979
1609010703105 20 1028
1609010703114 20 1028
1609010735560 21 1077
1609010735572 21 1077
1609010768482 22 1126
1609010768493 22 1126
1609010801032 23 1175
1609010801040 23 1175
1609010833357 24 1224
1609010833365 24 1224
1609010866235 25 1273
1609010866244 25 1273
1609010899844 26 1322
1609010899853 26 1322
1609010932405 27 1371
1609010932417 27 1371
1609010964954 28 1420
1609010964963 28 1420
1609010997685 29 1469
1609010997694 29 1469
1609011030420 30 1518
1609011030428 30 1518
1609011063407 31 1567
1609011063418 31 1567
1609011096157 32 1616
1609011096168 32 1616
1609011128808 33 1665
1609011128819 33 1665
1609011161062 34 1714
1609011161072 34 1714
1609011193612 35 1763
1609011193621 35 1763
1609011226121 36 1812
1609011226132 36 1812
1609011258868 37 1861
1609011258878 37 1861
1609011291137 38 1910
1609011291147 38 1910
1609011323413 39 1959
1609011323422 39 1959
1609011355854 40 2008
1609011355866 40 2008
1609011388401 41 2057
1609011388414 41 2057
1609011420692 42 2106
1609011420701 42 2106
1609011453633 43 2155
1609011453647 43 2155
1609011486227 44 2204
1609011486236 44 2204
1609011518800 45 2253
1609011518808 45 2253
1609011551626 46 2302
1609011551636 46 2302
1609011584081 47 2351
1609011584089 47 2351
1609011616830 48 2400
1609011616841 48 2400
1609011649053 49 2449
1609011649061 49 2449
1609011681509 50 2498
1609011681517 50 2498
1609011714499 51 2547
1609011714509 51 2547
1609011747004 52 2596
1609011747015 52 2596
1609011779627 53 2645
1609011779636 53 2645
1609011812300 54 2694
1609011812309 54 2694
1609011844541 55 2743
1609011844552 55 2743
1609011877007 56 2792
1609011877018 56 2792
1609011909311 57 2841
1609011909320 57 2841
1609011941775 58 2890
1609011941784 58 2890
1609011974396 59 2939
1609011974404 59 2939
1609012006838 60 2988
1609012006846 60 2988
1609012039237 61 3037
1609012039247 61 3037
1609012071670 62 3086
1609012071681 62 3086
1609012104340 63 3135
1609012104351 63 3135
1609012137065 64 3184
1609012137078 64 3184
1609012169978 65 3233
1609012169986 65 3233
1609012202588 66 3282
1609012202600 66 3282
1609012235406 67 3331
1609012235415 67 3331
1609012268066 68 3380
1609012268076 68 3380
1609012300737 69 3429
1609012300745 69 3429
1609012334093 70 3478
1609012334105 70 3478
1609012366504 71 3527
1609012366514 71 3527
1609012399187 72 3576
1609012399196 72 3576
1609012431815 73 3625
1609012431824 73 3625
1609012465074 74 3674
1609012465083 74 3674
1609012497937 75 3723
1609012497947 75 3723
1609012530358 76 3772
1609012530368 76 3772
1609012562805 77 3821
1609012562816 77 3821
1609012595247 78 3870
1609012595258 78 3870
1609012627880 79 3919
1609012627891 79 3919
1609012660400 80 3968
1609012660410 80 3968
1609012693331 81 4017
1609012693340 81 4017
1609012725848 82 4066
1609012725858 82 4066
1609012758289 83 4115
1609012758299 83 4115
1609012791229 84 4164
1609012791238 84 4164
1609012823910 85 4213
1609012823923 85 4213
1609012856582 86 4262
1609012856591 86 4262
1609012889433 87 4311
1609012889442 87 4311
1609012921712 88 4360
1609012921721 88 4360
1609012954735 89 4409
1609012954746 89 4409
1609012987502 90 4458
1609012987510 90 4458
1609013020532 91 4507
1609013020543 91 4507
1609013053291 92 4556
1609013053299 92 4556
1609013086010 93 4605
1609013086021 93 4605
1609013118798 94 4654
1609013118813 94 4654
1609013151777 95 4703
1609013151788 95 4703
1609013184248 96 4752
1609013184261 96 4752
1609013216658 97 4801
1609013216668 97 4801
1609013249338 98 4850
1609013249348 98 4850
1609013281680 99 4899
1609013281688 99 4899
1609013389647 0 48
1609013389666 0 48
1609013422789 1 97
1609013422809 1 97
1609013456419 2 146
1609013456438 2 146
1609013489743 3 195
1609013489762 3 195
1609013522852 4 244
1609013522872 4 244
1609013555809 5 293
1609013555827 5 293
1609013588587 6 342
1609013588612 6 342
1609013621822 7 391
1609013621840 7 391
1609013654859 8 440
1609013654879 8 440
1609013688121 9 489
1609013688139 9 489
1609013720919 10 538
1609013720939 10 538
1609013754203 11 587
1609013754221 11 587
1609013787593 12 636
1609013787610 12 636
1609013820244 13 685
1609013820268 13 685
1609013853169 14 734
1609013853190 14 734
1609013885937 15 783
1609013885957 15 783
1609013919022 16 832
1609013919043 16 832
1609013951693 17 881
1609013951713 17 881
1609013984362 18 930
1609013984382 18 930
1609014017008 19 979
1609014017031 19 979
1609014049770 20 1028
1609014049791 20 1028
1609014082212 21 1077
1609014082232 21 1077
1609014115246 22 1126
1609014115268 22 1126
1609014148578 23 1175
1609014148597 23 1175
1609014182296 24 1224
1609014182317 24 1224
1609014214996 25 1273
1609014215022 25 1273
1609014248182 26 1322
1609014248201 26 1322
1609014281917 27 1371
1609014281936 27 1371
1609014314441 28 1420
1609014314471 28 1420
1609014347153 29 1469
1609014347171 29 1469
1609014379775 30 1518
1609014379798 30 1518
1609014412447 31 1567
1609014412470 31 1567
1609014445023 32 1616
1609014445042 32 1616
1609014477893 33 1665
1609014477914 33 1665
1609014510835 34 1714
1609014510857 34 1714
1609014543222 35 1763
1609014543243 35 1763
1609014576176 36 1812
1609014576195 36 1812
1609014608967 37 1861
1609014608988 37 1861
1609014641668 38 1910
1609014641687 38 1910
1609014674309 39 1959
1609014674331 39 1959
1609014706887 40 2008
1609014706904 40 2008
1609014739467 41 2057
1609014739488 41 2057
1609014772107 42 2106
1609014772129 42 2106
1609014804662 43 2155
1609014804683 43 2155
1609014837537 44 2204
1609014837557 44 2204
1609014870106 45 2253
1609014870128 45 2253
1609014903211 46 2302
1609014903228 46 2302
1609014936001 47 2351
1609014936024 47 2351
1609014968811 48 2400
1609014968834 48 2400
1609015001378 49 2449
1609015001396 49 2449
1609015034576 50 2498
1609015034596 50 2498
1609015067253 51 2547
1609015067275 51 2547
1609015099970 52 2596
1609015099992 52 2596
1609015132567 53 2645
1609015132593 53 2645
1609015165391 54 2694
1609015165414 54 2694
1609015197832 55 2743
1609015197855 55 2743
1609015230563 56 2792
1609015230584 56 2792
1609015263062 57 2841
1609015263081 57 2841
1609015295730 58 2890
1609015295751 58 2890
1609015328315 59 2939
1609015328338 59 2939
1609015360691 60 2988
1609015360710 60 2988
1609015393738 61 3037
1609015393755 61 3037
1609015426426 62 3086
1609015426444 62 3086
1609015459238 63 3135
1609015459260 63 3135
1609015492068 64 3184
1609015492091 64 3184
1609015525305 65 3233
1609015525325 65 3233
1609015557933 66 3282
1609015557951 66 3282
1609015590593 67 3331
1609015590617 67 3331
1609015623401 68 3380
1609015623419 68 3380
1609015655735 69 3429
1609015655756 69 3429
1609015688876 70 3478
1609015688901 70 3478
1609015721397 71 3527
1609015721417 71 3527
1609015753848 72 3576
1609015753873 72 3576
1609015786483 73 3625
1609015786502 73 3625
1609015819077 74 3674
1609015819099 74 3674
1609015851602 75 3723
1609015851622 75 3723
1609015883970 76 3772
1609015883990 76 3772
1609015916806 77 3821
1609015916827 77 3821
1609015949778 78 3870
1609015949798 78 3870
1609015982441 79 3919
1609015982463 79 3919
1609016014963 80 3968
1609016014987 80 3968
1609016047307 81 4017
1609016047328 81 4017
1609016079931 82 4066
1609016079949 82 4066
1609016112742 83 4115
1609016112761 83 4115
1609016145556 84 4164
1609016145574 84 4164
1609016178164 85 4213
1609016178188 85 4213
1609016210607 86 4262
1609016210629 86 4262
1609016242990 87 4311
1609016243008 87 4311
1609016275707 88 4360
1609016275724 88 4360
1609016308658 89 4409
1609016308677 89 4409
1609016341122 90 4458
1609016341142 90 4458
1609016373984 91 4507
1609016374007 91 4507
1609016406525 92 4556
1609016406544 92 4556
1609016439296 93 4605
1609016439318 93 4605
1609016472400 94 4654
1609016472422 94 4654
1609016505097 95 4703
1609016505116 95 4703
1609016537593 96 4752
1609016537612 96 4752
1609016570251 97 4801
1609016570271 97 4801
1609016602955 98 4850
1609016602973 98 4850
1609016635347 99 4899
1609016635367 99 4899
