1609000029210 1.2856029272079468 48
1609000062213 1.1529803276062012 97
1609000095351 1.065807580947876 146
1609000128001 1.0120314359664917 195
1609000160978 0.9596053957939148 244
1609000194484 0.9108240604400635 293
1609000227380 0.8028700351715088 342
1609000259962 0.7716466784477234 391
1609000292471 0.6793882250785828 440
1609000325328 0.6462050080299377 489
1609000358030 0.6229573488235474 538
1609000391424 0.6439487934112549 587
1609000423868 0.6378412842750549 636
1609000456321 0.6518622636795044 685
1609000488651 0.6863503456115723 734
1609000521620 0.7269342541694641 783
1609000554846 0.7425246834754944 832
1609000587352 0.718733012676239 881
1609000619887 0.7232329845428467 930
1609000652285 0.7492488026618958 979
1609000684483 0.656794011592865 1028
1609000716843 0.6193994879722595 1077
1609000749394 0.5852869153022766 1126
1609000781527 0.5365071892738342 1175
1609000814390 0.49715015292167664 1224
1609000847113 0.44127795100212097 1273
1609000879831 0.3784709572792053 1322
1609000912528 0.32276615500450134 1371
1609000945066 0.3109751343727112 1420
1609000977916 0.2909257411956787 1469
1609001011486 0.27791154384613037 1518
1609001044107 0.2715114653110504 1567
1609001076956 0.2762681841850281 1616
1609001109632 0.27562275528907776 1665
1609001141879 0.3114260137081146 1714
1609001174576 0.33752888441085815 1763
1609001207010 0.3411409854888916 1812
1609001239661 0.37406107783317566 1861
1609001271978 0.4293838441371918 1910
1609001304522 0.4262596666812897 1959
1609001336826 0.5022158026695251 2008
1609001369006 0.3630868196487427 2057
1609001401505 0.3653155267238617 2106
1609001433960 0.335248202085495 2155
1609001466362 0.23108862340450287 2204
1609001498775 0.207819402217865 2253
1609001531887 0.15297925472259521 2302
1609001564073 0.13047382235527039 2351
1609001596138 0.11471845209598541 2400
1609001628432 0.10685404390096664 2449
1609001661309 0.10057801753282547 2498
1609001693398 0.09827858954668045 2547
1609001725847 0.10382483899593353 2596
1609001758067 0.09869774430990219 2645
1609001790148 0.12140980362892151 2694
1609001822381 0.15838569402694702 2743
1609001854891 0.1860169768333435 2792
1609001886891 0.2623290419578552 2841
1609001919070 0.2623845636844635 2890
1609001951523 0.2656401991844177 2939
1609001983998 0.30290594696998596 2988
1609002016395 0.2678056061267853 3037
1609002048438 0.29594188928604126 3086
1609002081110 0.23074190318584442 3135
1609002113182 0.22789503633975983 3184
1609002145098 0.12613601982593536 3233
1609002177860 0.094044990837574 3282
1609002210423 0.07723788917064667 3331
1609002242506 0.07265368103981018 3380
1609002275275 0.0733911320567131 3429
1609002307393 0.06391496956348419 3478
1609002339606 0.0654841810464859 3527
1609002371898 0.05909982696175575 3576
1609002404732 0.06359748542308807 3625
1609002436710 0.05580298975110054 3674
1609002468781 0.08952520787715912 3723
1609002501700 0.1373014599084854 3772
1609002534065 0.1488369107246399 3821
1609002566556 0.17400513589382172 3870
1609002598643 0.1812078356742859 3919
1609002630633 0.24239599704742432 3968
1609002663403 0.20806768536567688 4017
1609002695715 0.1607842892408371 4066
1609002728012 0.15910233557224274 4115
1609002760345 0.0904579758644104 4164
1609002792795 0.06795889139175415 4213
1609002824902 0.05886758491396904 4262
1609002856975 0.04797361418604851 4311
1609002889263 0.03766435757279396 4360
1609002921428 0.04117253050208092 4409
1609002953512 0.03859572485089302 4458
1609002985679 0.03700072318315506 4507
1609003018136 0.03413905203342438 4556
1609003050322 0.040618494153022766 4605
1609003082986 0.05368579551577568 4654
1609003115179 0.04562121257185936 4703
1609003147568 0.0652613714337349 4752
1609003179501 0.06435533612966537 4801
1609003211936 0.1529170274734497 4850
1609003244175 0.1970493048429489 4899
1609003351772 1.279175877571106 48
1609003384558 1.1189804077148438 97
1609003417255 1.0963691473007202 146
1609003450271 1.0605798959732056 195
1609003483291 1.0300902128219604 244
1609003516037 0.9878008365631104 293
1609003549117 0.9094391465187073 342
1609003581895 0.8714044094085693 391
1609003614831 0.85403972864151 440
1609003647994 0.8212448954582214 489
1609003681020 0.8037214279174805 538
1609003713877 0.8036143779754639 587
1609003746597 0.8249803185462952 636
1609003779329 0.801666796207428 685
1609003811738 0.819625735282898 734
1609003844062 0.844965934753418 783
1609003876556 0.8800577521324158 832
1609003908937 0.867698073387146 881
1609003941782 0.8158420324325562 930
1609003974081 0.8166428208351135 979
1609004006559 0.8179253935813904 1028
1609004039177 0.7939157485961914 1077
1609004072234 0.7088418006896973 1126
1609004105105 0.6705008745193481 1175
1609004137726 0.6362105011940002 1224
1609004170528 0.561688244342804 1273
1609004203597 0.529305100440979 1322
1609004236925 0.4907936155796051 1371
1609004269948 0.4526216387748718 1420
1609004303000 0.4136413633823395 1469
1609004335998 0.4115762710571289 1518
1609004368944 0.40714025497436523 1567
1609004401670 0.4149143397808075 1616
1609004434012 0.4037233591079712 1665
1609004466648 0.4346669316291809 1714
1609004498993 0.4801294207572937 1763
1609004531876 0.51714688539505 1812
1609004564214 0.5263040065765381 1861
1609004596792 0.5895401239395142 1910
1609004628919 0.5586832761764526 1959
1609004661497 0.49823513627052307 2008
1609004694058 0.4994935095310211 2057
1609004726802 0.45141997933387756 2106
1609004759873 0.41387686133384705 2155
1609004792406 0.34928616881370544 2204
1609004825059 0.3022444546222687 2253
1609004857692 0.258566677570343 2302
1609004890680 0.24186620116233826 2351
1609004923494 0.218183696269989 2400
1609004955982 0.21144172549247742 2449
1609004988654 0.1994819939136505 2498
1609005021173 0.195429265499115 2547
1609005054087 0.20478776097297668 2596
1609005086811 0.20748162269592285 2645
1609005119472 0.2312213033437729 2694
1609005151831 0.252069890499115 2743
1609005184448 0.2891482412815094 2792
1609005216925 0.3478727340698242 2841
1609005249409 0.3793189823627472 2890
1609005282112 0.45870164036750793 2939
1609005314419 0.3679599165916443 2988
1609005346864 0.3701229393482208 3037
1609005379275 0.31269291043281555 3086
1609005411637 0.26878154277801514 3135
1609005444415 0.2438245713710785 3184
1609005478247 0.20493720471858978 3233
1609005510970 0.17186763882637024 3282
1609005543944 0.1413722038269043 3331
1609005577143 0.12279509752988815 3380
1609005610273 0.11929140239953995 3429
1609005642612 0.11494743078947067 3478
1609005675375 0.12007039785385132 3527
1609005707730 0.12095481902360916 3576
1609005740636 0.11381388455629349 3625
1609005773384 0.12016905844211578 3674
1609005805876 0.15310634672641754 3723
1609005838609 0.22829532623291016 3772
1609005871568 0.2579977512359619 3821
1609005904246 0.24534039199352264 3870
1609005936543 0.22282303869724274 3919
1609005968858 0.27202853560447693 3968
1609006001088 0.2877563238143921 4017
1609006033622 0.21773584187030792 4066
1609006065994 0.20603711903095245 4115
1609006098846 0.18329322338104248 4164
1609006131262 0.14399799704551697 4213
1609006164152 0.11156921833753586 4262
1609006196826 0.09198375046253204 4311
1609006229195 0.08029140532016754 4360
1609006261947 0.08328207582235336 4409
1609006294523 0.07355117052793503 4458
1609006327278 0.07406933605670929 4507
1609006360333 0.06790380924940109 4556
1609006392843 0.07870658487081528 4605
1609006425206 0.07348287105560303 4654
1609006457860 0.08512666821479797 4703
1609006490289 0.12774595618247986 4752
1609006523266 0.1401398479938507 4801
1609006556052 0.18564435839653015 4850
1609006588464 0.24218493700027466 4899
1609006696005 1.2507609128952026 48
1609006728860 1.1123521327972412 97
1609006762177 0.9932712912559509 146
1609006794849 0.9390967488288879 195
1609006827565 0.8407638669013977 244
1609006860136 0.7450092434883118 293
1609006893239 0.7011847496032715 342
1609006926742 0.627161979675293 391
1609006959593 0.5797229409217834 440
1609006992362 0.5278340578079224 489
1609007025372 0.518377959728241 538
1609007058164 0.5188708305358887 587
1609007090872 0.5124984979629517 636
1609007123334 0.5497846007347107 685
1609007156318 0.5771380066871643 734
1609007189216 0.6569774746894836 783
1609007221824 0.6489713191986084 832
1609007254321 0.6179258227348328 881
1609007287087 0.6222038269042969 930
1609007320149 0.5982177257537842 979
1609007352614 0.612779974937439 1028
1609007385020 0.5466243624687195 1077
1609007417933 0.5229523777961731 1126
1609007450776 0.47468265891075134 1175
1609007483967 0.38075199723243713 1224
1609007516736 0.3340517580509186 1273
1609007550364 0.27935829758644104 1322
1609007583824 0.22602131962776184 1371
1609007616694 0.19724003970623016 1420
1609007649353 0.18442566692829132 1469
1609007681888 0.17175938189029694 1518
1609007714277 0.18306781351566315 1567
1609007747059 0.1748691201210022 1616
1609007779612 0.17395171523094177 1665
1609007812273 0.16862519085407257 1714
1609007844604 0.22735033929347992 1763
1609007877604 0.306334912776947 1812
1609007909987 0.37007904052734375 1861
1609007942831 0.34230828285217285 1910
1609007975471 0.3381326198577881 1959
1609008008252 0.4034651517868042 2008
1609008040873 0.30500221252441406 2057
1609008073913 0.32626718282699585 2106
1609008106412 0.250955194234848 2155
1609008139286 0.2054457664489746 2204
1609008171855 0.1760050505399704 2253
1609008204526 0.13168612122535706 2302
1609008237053 0.10066366195678711 2351
1609008269602 0.08191467076539993 2400
1609008302107 0.0800042599439621 2449
1609008335216 0.07323763519525528 2498
1609008368029 0.07438507676124573 2547
1609008400774 0.07397890836000443 2596
1609008433747 0.07813544571399689 2645
1609008466239 0.08201050013303757 2694
1609008499447 0.09924419969320297 2743
1609008531858 0.12833060324192047 2792
1609008564571 0.15839630365371704 2841
1609008597368 0.3092622458934784 2890
1609008630486 0.3461737036705017 2939
1609008663286 0.2885599434375763 2988
1609008696103 0.2065119445323944 3037
1609008728370 0.14971132576465607 3086
1609008761471 0.13184139132499695 3135
1609008794323 0.12356195598840714 3184
1609008827388 0.12975135445594788 3233
1609008860289 0.0869159996509552 3282
1609008892895 0.04995444789528847 3331
1609008926057 0.04850974678993225 3380
1609008958777 0.03969237208366394 3429
1609008991576 0.04885037615895271 3478
1609009023952 0.04644906520843506 3527
1609009056296 0.038755930960178375 3576
1609009088705 0.044816236943006516 3625
1609009121283 0.034869611263275146 3674
1609009154297 0.03471897915005684 3723
1609009186687 0.054382387548685074 3772
1609009219507 0.20534877479076385 3821
1609009252120 0.19744813442230225 3870
1609009285451 0.2684590816497803 3919
1609009318201 0.17388436198234558 3968
1609009350931 0.17780116200447083 4017
1609009383350 0.18881051242351532 4066
1609009416243 0.14076174795627594 4115
1609009448766 0.08010097593069077 4164
1609009481272 0.05764731019735336 4213
1609009513867 0.04799740016460419 4262
1609009546928 0.03337225317955017 4311
1609009579431 0.03142007812857628 4360
1609009612512 0.029881345108151436 4409
1609009645383 0.02531791850924492 4458
1609009677976 0.024888962507247925 4507
1609009711020 0.021267037838697433 4556
1609009743695 0.02625454217195511 4605
1609009776250 0.022292012348771095 4654
1609009808815 0.0415717177093029 4703
1609009841526 0.0550229474902153 4752
1609009874247 0.17648431658744812 4801
1609009907414 0.21579736471176147 4850
1609009939802 0.10314392298460007 4899
1609010047779 1.29848313331604 48
1609010080947 1.1600505113601685 97
1609010113417 1.0728691816329956 146
1609010146158 1.0523589849472046 195
1609010179224 0.9602851867675781 244
1609010212173 0.8625404834747314 293
1609010245266 0.7705664038658142 342
1609010278301 0.710151195526123 391
1609010311547 0.6390269994735718 440
1609010344416 0.5956510901451111 489
1609010378085 0.5844075679779053 538
1609010411025 0.5962227582931519 587
1609010443259 0.5759868025779724 636
1609010475729 0.6133458614349365 685
1609010508261 0.6458536386489868 734
1609010541017 0.6921572685241699 783
1609010573467 0.6977648138999939 832
1609010606040 0.713996410369873 881
1609010638481 0.7151969075202942 930
1609010670746 0.6593495011329651 979
1609010703114 0.6196032166481018 1028
1609010735572 0.6219987273216248 1077
1609010768493 0.5567618012428284 1126
1609010801040 0.5576469302177429 1175
1609010833365 0.49426010251045227 1224
1609010866244 0.42846915125846863 1273
1609010899853 0.3601608872413635 1322
1609010932417 0.3135938346385956 1371
1609010964963 0.2718923091888428 1420
1609010997694 0.25554952025413513 1469
1609011030428 0.24506545066833496 1518
1609011063418 0.24809256196022034 1567
1609011096168 0.2604186236858368 1616
1609011128819 0.26394715905189514 1665
1609011161072 0.28977474570274353 1714
1609011193621 0.30136334896087646 1763
1609011226132 0.39996325969696045 1812
1609011258878 0.5046091079711914 1861
1609011291147 0.44178837537765503 1910
1609011323422 0.4809800386428833 1959
1609011355866 0.43492254614830017 2008
1609011388414 0.4791536331176758 2057
1609011420701 0.3772919178009033 2106
1609011453647 0.3757719397544861 2155
1609011486236 0.29873770475387573 2204
1609011518808 0.23322786390781403 2253
1609011551636 0.2056717425584793 2302
1609011584089 0.1825256198644638 2351
1609011616841 0.15965594351291656 2400
1609011649061 0.15002012252807617 2449
1609011681517 0.14796288311481476 2498
1609011714509 0.14856195449829102 2547
1609011747015 0.14757846295833588 2596
1609011779636 0.14768719673156738 2645
1609011812309 0.14823217689990997 2694
1609011844552 0.18048740923404694 2743
1609011877018 0.23557890951633453 2792
1609011909320 0.265954852104187 2841
1609011941784 0.29396140575408936 2890
1609011974404 0.2991209626197815 2939
1609012006846 0.31974002718925476 2988
1609012039247 0.2224636971950531 3037
1609012071681 0.26196348667144775 3086
1609012104351 0.3217111825942993 3135
1609012137078 0.2050274908542633 3184
1609012169986 0.1546040177345276 3233
1609012202600 0.128706157207489 3282
1609012235415 0.1389126032590866 3331
1609012268076 0.11331624537706375 3380
1609012300745 0.09240259230136871 3429
1609012334105 0.0970352366566658 3478
1609012366514 0.08916546404361725 3527
1609012399196 0.09501588344573975 3576
1609012431824 0.08534306287765503 3625
1609012465083 0.09350880235433578 3674
1609012497947 0.09838832914829254 3723
1609012530368 0.20017550885677338 3772
1609012562816 0.17597037553787231 3821
1609012595258 0.20752288401126862 3870
1609012627891 0.2541726231575012 3919
1609012660410 0.2673349380493164 3968
1609012693340 0.2774657607078552 4017
1609012725858 0.22723546624183655 4066
1609012758299 0.19661565124988556 4115
1609012791238 0.1569468230009079 4164
1609012823923 0.12793342769145966 4213
1609012856591 0.09059594571590424 4262
1609012889442 0.07318758964538574 4311
1609012921721 0.07360287755727768 4360
1609012954746 0.06121066212654114 4409
1609012987510 0.058957070112228394 4458
1609013020543 0.059241339564323425 4507
1609013053299 0.05525039881467819 4556
1609013086021 0.05906800180673599 4605
1609013118813 0.05506893992424011 4654
1609013151788 0.07140839099884033 4703
1609013184261 0.07376497983932495 4752
1609013216668 0.15925924479961395 4801
1609013249348 0.18947859108448029 4850
1609013281688 0.18505217134952545 4899
1609013389666 1.2916209697723389 48
1609013422809 1.14638352394104 97
1609013456438 1.0792416334152222 146
1609013489762 1.027395248413086 195
1609013522872 0.9604124426841736 244
1609013555827 0.939285397529602 293
1609013588612 0.8764345645904541 342
1609013621840 0.8369829654693604 391
1609013654879 0.7770217657089233 440
1609013688139 0.750973641872406 489
1609013720939 0.7405599355697632 538
1609013754221 0.7509050369262695 587
1609013787610 0.7153621912002563 636
1609013820268 0.7423220872879028 685
1609013853190 0.7873184680938721 734
1609013885957 0.8069562911987305 783
1609013919043 0.808334231376648 832
1609013951713 0.8594525456428528 881
1609013984382 0.8189883828163147 930
1609014017031 0.7903469204902649 979
1609014049791 0.7686868906021118 1028
1609014082232 0.729698121547699 1077
1609014115268 0.6519210338592529 1126
1609014148597 0.6629253625869751 1175
1609014182317 0.5689108967781067 1224
1609014215022 0.4976833462715149 1273
1609014248201 0.461871474981308 1322
1609014281936 0.402217835187912 1371
1609014314471 0.37053990364074707 1420
1609014347171 0.3529250919818878 1469
1609014379798 0.3499155640602112 1518
1609014412470 0.35051798820495605 1567
1609014445042 0.34861963987350464 1616
1609014477914 0.3615575432777405 1665
1609014510857 0.3927934467792511 1714
1609014543243 0.40650659799575806 1763
1609014576195 0.4993630051612854 1812
1609014608988 0.5031559467315674 1861
1609014641687 0.470333993434906 1910
1609014674331 0.5031688213348389 1959
1609014706904 0.5270119905471802 2008
1609014739488 0.44057556986808777 2057
1609014772129 0.4253675639629364 2106
1609014804683 0.37756165862083435 2155
1609014837557 0.33649536967277527 2204
1609014870128 0.31620514392852783 2253
1609014903228 0.24234913289546967 2302
1609014936024 0.23156119883060455 2351
1609014968834 0.22276213765144348 2400
1609015001396 0.18877194821834564 2449
1609015034596 0.1920231431722641 2498
1609015067275 0.1820591390132904 2547
1609015099992 0.18078885972499847 2596
1609015132593 0.1812424212694168 2645
1609015165414 0.1987379491329193 2694
1609015197855 0.2443767935037613 2743
1609015230584 0.2472117394208908 2792
1609015263081 0.3077014684677124 2841
1609015295751 0.42972448468208313 2890
1609015328338 0.37780898809432983 2939
1609015360710 0.31366991996765137 2988
1609015393755 0.2747286260128021 3037
1609015426444 0.27299797534942627 3086
1609015459260 0.24929670989513397 3135
1609015492091 0.20310860872268677 3184
1609015525325 0.21689221262931824 3233
1609015557951 0.1537685990333557 3282
1609015590617 0.12982536852359772 3331
1609015623419 0.11234303563833237 3380
1609015655756 0.10828761011362076 3429
1609015688901 0.10830938071012497 3478
1609015721417 0.10725027322769165 3527
1609015753873 0.10264470428228378 3576
1609015786502 0.10946336388587952 3625
1609015819099 0.11457470804452896 3674
1609015851622 0.13285627961158752 3723
1609015883990 0.2012963891029358 3772
1609015916827 0.22379501163959503 3821
1609015949798 0.2945379912853241 3870
1609015982463 0.2674862742424011 3919
1609016014987 0.2636624276638031 3968
1609016047328 0.2610388994216919 4017
1609016079949 0.24046167731285095 4066
1609016112761 0.1970445066690445 4115
1609016145574 0.14528468251228333 4164
1609016178188 0.12088610976934433 4213
1609016210629 0.10262950509786606 4262
1609016243008 0.07979723811149597 4311
1609016275724 0.06230377033352852 4360
1609016308677 0.06339643150568008 4409
1609016341142 0.07227642834186554 4458
1609016374007 0.06571600586175919 4507
1609016406544 0.06965313851833344 4556
1609016439318 0.0617481991648674 4605
1609016472422 0.06453515589237213 4654
1609016505116 0.07664240896701813 4703
1609016537612 0.11481956392526627 4752
1609016570271 0.1849711537361145 4801
1609016602973 0.1762705296278 4850
1609016635367 0.19335205852985382 4899
