1609000029210 0.23921099305152893 48
1609000062213 0.26181676983833313 97
1609000095351 0.31120193004608154 146
1609000128001 0.3388378918170929 195
1609000160978 0.3978782594203949 244
1609000194484 0.4306272566318512 293
1609000227380 0.476219117641449 342
1609000259962 0.5116989016532898 391
1609000292471 0.5587217211723328 440
1609000325328 0.5817615985870361 489
1609000358030 0.6007217168807983 538
1609000391424 0.57964026927948 587
1609000423868 0.5755339860916138 636
1609000456321 0.5785975456237793 685
1609000488651 0.564119815826416 734
1609000521620 0.5547773838043213 783
1609000554846 0.5399594306945801 832
1609000587352 0.5576826930046082 881
1609000619887 0.5811758041381836 930
1609000652285 0.5547388792037964 979
1609000684483 0.597447395324707 1028
1609000716843 0.611914336681366 1077
1609000749394 0.6375952363014221 1126
1609000781527 0.6522146463394165 1175
1609000814390 0.6936022639274597 1224
1609000847113 0.7173909544944763 1273
1609000879831 0.7632273435592651 1322
1609000912528 0.7884458899497986 1371
1609000945066 0.8045299649238586 1420
1609000977916 0.8148353099822998 1469
1609001011486 0.8167458772659302 1518
1609001044107 0.8161912560462952 1567
1609001076956 0.8133383989334106 1616
1609001109632 0.8182791471481323 1665
1609001141879 0.8067337870597839 1714
1609001174576 0.7760984301567078 1763
1609001207010 0.7791705131530762 1812
1609001239661 0.7760619521141052 1861
1609001271978 0.7525882720947266 1910
1609001304522 0.7514981031417847 1959
1609001336826 0.7332242131233215 2008
1609001369006 0.789770781993866 2057
1609001401505 0.8012719750404358 2106
1609001433960 0.8090767860412598 2155
1609001466362 0.8648437857627869 2204
1609001498775 0.8716248869895935 2253
1609001531887 0.9067200422286987 2302
1609001564073 0.917962908744812 2351
1609001596138 0.920799732208252 2400
1609001628432 0.9275010824203491 2449
1609001661309 0.9333552718162537 2498
1609001693398 0.9298517107963562 2547
1609001725847 0.9240274429321289 2596
1609001758067 0.9303116798400879 2645
1609001790148 0.9215722680091858 2694
1609001822381 0.9120510816574097 2743
1609001854891 0.8867962956428528 2792
1609001886891 0.8535028100013733 2841
1609001919070 0.8576099872589111 2890
1609001951523 0.8609125018119812 2939
1609001983998 0.8274262547492981 2988
1609002016395 0.8584749102592468 3037
1609002048438 0.8404257893562317 3086
1609002081110 0.8680618405342102 3135
1609002113182 0.8832131624221802 3184
1609002145098 0.924888551235199 3233
1609002177860 0.9333682060241699 3282
1609002210423 0.949310839176178 3331
1609002242506 0.9500941634178162 3380
1609002275275 0.9557093381881714 3429
1609002307393 0.957339346408844 3478
1609002339606 0.953728437423706 3527
1609002371898 0.9524171948432922 3576
1609002404732 0.9457569122314453 3625
1609002436710 0.9570409059524536 3674
1609002468781 0.9458187818527222 3723
1609002501700 0.9249493479728699 3772
1609002534065 0.9155573844909668 3821
1609002566556 0.8952456712722778 3870
1609002598643 0.8930476903915405 3919
1609002630633 0.8843656182289124 3968
1609002663403 0.8817936778068542 4017
1609002695715 0.9192606210708618 4066
1609002728012 0.9084001183509827 4115
1609002760345 0.9424808621406555 4164
1609002792795 0.9544790387153625 4213
1609002824902 0.9563679695129395 4262
1609002856975 0.9685975313186646 4311
1609002889263 0.9712600708007812 4360
1609002921428 0.9720739126205444 4409
1609002953512 0.968216598033905 4458
1609002985679 0.974097728729248 4507
1609003018136 0.9734083414077759 4556
1609003050322 0.9726608991622925 4605
1609003082986 0.9628195762634277 4654
1609003115179 0.9630612134933472 4703
1609003147568 0.9624516367912292 4752
1609003179501 0.9540777206420898 4801
1609003211936 0.9229877591133118 4850
1609003244175 0.8958110809326172 4899
1609003351772 0.23655305802822113 48
1609003384558 0.2847415804862976 97
1609003417255 0.3002445101737976 146
1609003450271 0.3133983612060547 195
1609003483291 0.3252109885215759 244
1609003516037 0.3670543134212494 293
1609003549117 0.39309027791023254 342
1609003581895 0.4237675666809082 391
1609003614831 0.4332337975502014 440
1609003647994 0.45606252551078796 489
1609003681020 0.4757475256919861 538
1609003713877 0.4642059803009033 587
1609003746597 0.46244344115257263 636
1609003779329 0.4700915217399597 685
1609003811738 0.4404870569705963 734
1609003844062 0.4494521915912628 783
1609003876556 0.44225287437438965 832
1609003908937 0.44988420605659485 881
1609003941782 0.46771687269210815 930
1609003974081 0.4885875880718231 979
1609004006559 0.4817778170108795 1028
1609004039177 0.4975861608982086 1077
1609004072234 0.5462431311607361 1126
1609004105105 0.583855926990509 1175
1609004137726 0.5850464701652527 1224
1609004170528 0.6463464498519897 1273
1609004203597 0.6555908918380737 1322
1609004236925 0.679503321647644 1371
1609004269948 0.7042373418807983 1420
1609004303000 0.7195022106170654 1469
1609004335998 0.7241278290748596 1518
1609004368944 0.7249144911766052 1567
1609004401670 0.7231698036193848 1616
1609004434012 0.7354541420936584 1665
1609004466648 0.7148421406745911 1714
1609004498993 0.712550163269043 1763
1609004531876 0.6702387928962708 1812
1609004564214 0.6880871653556824 1861
1609004596792 0.6478703022003174 1910
1609004628919 0.668243944644928 1959
1609004661497 0.6941105127334595 2008
1609004694058 0.6927602291107178 2057
1609004726802 0.7283993363380432 2106
1609004759873 0.7311186194419861 2155
1609004792406 0.7780777215957642 2204
1609004825059 0.7954613566398621 2253
1609004857692 0.8162965178489685 2302
1609004890680 0.8412755131721497 2351
1609004923494 0.8508528470993042 2400
1609004955982 0.8570941686630249 2449
1609004988654 0.8739405274391174 2498
1609005021173 0.8715813159942627 2547
1609005054087 0.8667626976966858 2596
1609005086811 0.8588337302207947 2645
1609005119472 0.844898521900177 2694
1609005151831 0.8362284302711487 2743
1609005184448 0.8143858909606934 2792
1609005216925 0.7936046123504639 2841
1609005249409 0.7761328816413879 2890
1609005282112 0.7392792701721191 2939
1609005314419 0.778908371925354 2988
1609005346864 0.783860445022583 3037
1609005379275 0.8100599646568298 3086
1609005411637 0.8481696844100952 3135
1609005444415 0.8633286356925964 3184
1609005478247 0.8752030730247498 3233
1609005510970 0.8953704833984375 3282
1609005543944 0.9096975326538086 3331
1609005577143 0.9134341478347778 3380
1609005610273 0.9187673330307007 3429
1609005642612 0.9144485592842102 3478
1609005675375 0.923301637172699 3527
1609005707730 0.9122455716133118 3576
1609005740636 0.9115458130836487 3625
1609005773384 0.9178789258003235 3674
1609005805876 0.9061838388442993 3723
1609005838609 0.8716045618057251 3772
1609005871568 0.8475698232650757 3821
1609005904246 0.8653334379196167 3870
1609005936543 0.863659679889679 3919
1609005968858 0.8518096804618835 3968
1609006001088 0.84005206823349 4017
1609006033622 0.8799296021461487 4066
1609006065994 0.8829072117805481 4115
1609006098846 0.895342230796814 4164
1609006131262 0.9072976112365723 4213
1609006164152 0.9215267896652222 4262
1609006196826 0.9399939775466919 4311
1609006229195 0.9364418983459473 4360
1609006261947 0.9422103762626648 4409
1609006294523 0.9473862051963806 4458
1609006327278 0.9444846510887146 4507
1609006360333 0.9501873850822449 4556
1609006392843 0.941588819026947 4605
1609006425206 0.9452230334281921 4654
1609006457860 0.9431706070899963 4703
1609006490289 0.9190738201141357 4752
1609006523266 0.9165599942207336 4801
1609006556052 0.896941602230072 4850
1609006588464 0.8757794499397278 4899
1609006696005 0.24321632087230682 48
1609006728860 0.30454984307289124 97
1609006762177 0.3750148415565491 146
1609006794849 0.4107034206390381 195
1609006827565 0.46271705627441406 244
1609006860136 0.5029927492141724 293
1609006893239 0.5535658001899719 342
1609006926742 0.5927358269691467 391
1609006959593 0.6389622092247009 440
1609006992362 0.6441026329994202 489
1609007025372 0.6610333919525146 538
1609007058164 0.6558871269226074 587
1609007090872 0.6587222218513489 636
1609007123334 0.6459619998931885 685
1609007156318 0.6388387084007263 734
1609007189216 0.5913984179496765 783
1609007221824 0.6008703708648682 832
1609007254321 0.62744140625 881
1609007287087 0.645986020565033 930
1609007320149 0.6419785618782043 979
1609007352614 0.6435564160346985 1028
1609007385020 0.6798428893089294 1077
1609007417933 0.6939982175827026 1126
1609007450776 0.7192273139953613 1175
1609007483967 0.7637627124786377 1224
1609007516736 0.7906849384307861 1273
1609007550364 0.8287607431411743 1322
1609007583824 0.8656896352767944 1371
1609007616694 0.8733808398246765 1420
1609007649353 0.8847854733467102 1469
1609007681888 0.8919200301170349 1518
1609007714277 0.8854345679283142 1567
1609007747059 0.888281524181366 1616
1609007779612 0.8901211619377136 1665
1609007812273 0.9039533138275146 1714
1609007844604 0.8652178049087524 1763
1609007877604 0.8302862048149109 1812
1609007909987 0.7799937725067139 1861
1609007942831 0.7991413474082947 1910
1609007975471 0.8062483072280884 1959
1609008008252 0.7836530804634094 2008
1609008040873 0.8374406099319458 2057
1609008073913 0.8198250532150269 2106
1609008106412 0.862098753452301 2155
1609008139286 0.8839644193649292 2204
1609008171855 0.9049333333969116 2253
1609008204526 0.9262254238128662 2302
1609008237053 0.9427096247673035 2351
1609008269602 0.9536621570587158 2400
1609008302107 0.9539539217948914 2449
1609008335216 0.9593052268028259 2498
1609008368029 0.9519177079200745 2547
1609008400774 0.9556740522384644 2596
1609008433747 0.9488754868507385 2645
1609008466239 0.9506531953811646 2694
1609008499447 0.9448840618133545 2743
1609008531858 0.9286078214645386 2792
1609008564571 0.9044584035873413 2841
1609008597368 0.8414956331253052 2890
1609008630486 0.8367452025413513 2939
1609008663286 0.8554881811141968 2988
1609008696103 0.8821427226066589 3037
1609008728370 0.9140409827232361 3086
1609008761471 0.9311792254447937 3135
1609008794323 0.9452877640724182 3184
1609008827388 0.9412879347801208 3233
1609008860289 0.9519426822662354 3282
1609008892895 0.9691054224967957 3331
1609008926057 0.9702244997024536 3380
1609008958777 0.9756155610084534 3429
1609008991576 0.9742524027824402 3478
1609009023952 0.9665660262107849 3527
1609009056296 0.9772012233734131 3576
1609009088705 0.971303403377533 3625
1609009121283 0.97900390625 3674
1609009154297 0.9745900630950928 3723
1609009186687 0.9636746644973755 3772
1609009219507 0.9061537981033325 3821
1609009252120 0.8955121636390686 3870
1609009285451 0.8793662786483765 3919
1609009318201 0.9119158387184143 3968
1609009350931 0.9173457026481628 4017
1609009383350 0.9127764701843262 4066
1609009416243 0.9263309836387634 4115
1609009448766 0.9511303305625916 4164
1609009481272 0.9666203260421753 4213
1609009513867 0.9663545489311218 4262
1609009546928 0.9784901142120361 4311
1609009579431 0.9791103005409241 4360
1609009612512 0.9786015152931213 4409
1609009645383 0.9828535318374634 4458
1609009677976 0.9830854535102844 4507
1609009711020 0.9832091927528381 4556
1609009743695 0.9788492918014526 4605
1609009776250 0.9829677939414978 4654
1609009808815 0.9729940295219421 4703
1609009841526 0.967581570148468 4752
1609009874247 0.9231840968132019 4801
1609009907414 0.8996986150741577 4850
1609009939802 0.945627748966217 4899
1609010047779 0.23640114068984985 48
1609010080947 0.26382559537887573 97
1609010113417 0.309376060962677 146
1609010146158 0.33195510506629944 195
1609010179224 0.3941457271575928 244
1609010212173 0.44317489862442017 293
1609010245266 0.5012964606285095 342
1609010278301 0.5318403244018555 391
1609010311547 0.5892468094825745 440
1609010344416 0.6093167066574097 489
1609010378085 0.6105637550354004 538
1609010411025 0.6170165538787842 587
1609010443259 0.6109406352043152 636
1609010475729 0.5826265811920166 685
1609010508261 0.5868848562240601 734
1609010541017 0.5721092224121094 783
1609010573467 0.5576163530349731 832
1609010606040 0.5804235339164734 881
1609010638481 0.5532240867614746 930
1609010670746 0.5854451060295105 979
1609010703114 0.6065611243247986 1028
1609010735572 0.6041371822357178 1077
1609010768493 0.6385050415992737 1126
1609010801040 0.6475220322608948 1175
1609010833365 0.6879895329475403 1224
1609010866244 0.7283783555030823 1273
1609010899853 0.7634209394454956 1322
1609010932417 0.7901565432548523 1371
1609010964963 0.8142833113670349 1420
1609010997694 0.8230302929878235 1469
1609011030428 0.8364735245704651 1518
1609011063418 0.8311207890510559 1567
1609011096168 0.8233649134635925 1616
1609011128819 0.8174806833267212 1665
1609011161072 0.8051756620407104 1714
1609011193621 0.800811767578125 1763
1609011226132 0.7410088181495667 1812
1609011258878 0.6969753503799438 1861
1609011291147 0.7473874092102051 1910
1609011323422 0.7116023898124695 1959
1609011355866 0.738810122013092 2008
1609011388414 0.7103323936462402 2057
1609011420701 0.7730353474617004 2106
1609011453647 0.7821868062019348 2155
1609011486236 0.8092509508132935 2204
1609011518808 0.8501027226448059 2253
1609011551636 0.8600525259971619 2302
1609011584089 0.8891081213951111 2351
1609011616841 0.894655704498291 2400
1609011649061 0.8903209567070007 2449
1609011681517 0.8950390815734863 2498
1609011714509 0.892887532711029 2547
1609011747015 0.9024597406387329 2596
1609011779636 0.9053422212600708 2645
1609011812309 0.9046271443367004 2694
1609011844552 0.8808861970901489 2743
1609011877018 0.8386256098747253 2792
1609011909320 0.8486617803573608 2841
1609011941784 0.8328990340232849 2890
1609011974404 0.824031412601471 2939
1609012006846 0.8067642450332642 2988
1609012039247 0.8622055649757385 3037
1609012071681 0.8444122672080994 3086
1609012104351 0.8159843683242798 3135
1609012137078 0.8717992901802063 3184
1609012169986 0.9025114178657532 3233
1609012202600 0.9215807318687439 3282
1609012235415 0.9272117614746094 3331
1609012268076 0.9224268198013306 3380
1609012300745 0.9385949969291687 3429
1609012334105 0.9364562630653381 3478
1609012366514 0.9373837113380432 3527
1609012399196 0.9381462931632996 3576
1609012431824 0.9386868476867676 3625
1609012465083 0.9408372640609741 3674
1609012497947 0.9296164512634277 3723
1609012530368 0.8909914493560791 3772
1609012562816 0.8967992663383484 3821
1609012595258 0.8861190676689148 3870
1609012627891 0.86472088098526 3919
1609012660410 0.867254376411438 3968
1609012693340 0.8618738651275635 4017
1609012725858 0.8825608491897583 4066
1609012758299 0.8813008069992065 4115
1609012791238 0.9023314714431763 4164
1609012823923 0.9273033738136292 4213
1609012856591 0.9432534575462341 4262
1609012889442 0.9508867263793945 4311
1609012921721 0.9539424180984497 4360
1609012954746 0.9564031362533569 4409
1609012987510 0.9605792760848999 4458
1609013020543 0.9566196799278259 4507
1609013053299 0.9585596323013306 4556
1609013086021 0.9598570466041565 4605
1609013118813 0.9627074003219604 4654
1609013151788 0.955683708190918 4703
1609013184261 0.9489708542823792 4752
1609013216668 0.9171538949012756 4801
1609013249348 0.9000194072723389 4850
1609013281688 0.9064034223556519 4899
1609013389666 0.22584585845470428 48
1609013422809 0.2772623896598816 97
1609013456438 0.3119770884513855 146
1609013489762 0.3322225511074066 195
1609013522872 0.36812683939933777 244
1609013555827 0.3873691260814667 293
1609013588612 0.41366851329803467 342
1609013621840 0.4625643193721771 391
1609013654879 0.4841805696487427 440
1609013688139 0.5184338092803955 489
1609013720939 0.5163176655769348 538
1609013754221 0.5155397653579712 587
1609013787610 0.5427433848381042 636
1609013820268 0.5150772333145142 685
1609013853190 0.5044058561325073 734
1609013885957 0.49699947237968445 783
1609013919043 0.4997086822986603 832
1609013951713 0.4468227028846741 881
1609013984382 0.4952174425125122 930
1609014017031 0.5077733993530273 979
1609014049791 0.5230676531791687 1028
1609014082232 0.5457316040992737 1077
1609014115268 0.5870989561080933 1126
1609014148597 0.5919315814971924 1175
1609014182317 0.6336700320243835 1224
1609014215022 0.6799890398979187 1273
1609014248201 0.7033365964889526 1322
1609014281936 0.7392345666885376 1371
1609014314471 0.747918963432312 1420
1609014347171 0.7635052800178528 1469
1609014379798 0.761374294757843 1518
1609014412470 0.7677400708198547 1567
1609014445042 0.7569064497947693 1616
1609014477914 0.7554796934127808 1665
1609014510857 0.7343569993972778 1714
1609014543243 0.7369108200073242 1763
1609014576195 0.6868240237236023 1812
1609014608988 0.6956638097763062 1861
1609014641687 0.7023054361343384 1910
1609014674331 0.682731032371521 1959
1609014706904 0.6823192238807678 2008
1609014739488 0.736375093460083 2057
1609014772129 0.7567505240440369 2106
1609014804683 0.7860641479492188 2155
1609014837557 0.7899643778800964 2204
1609014870128 0.8031365871429443 2253
1609014903228 0.8507128953933716 2302
1609014936024 0.857855498790741 2351
1609014968834 0.8621972799301147 2400
1609015001396 0.8798520565032959 2449
1609015034596 0.8771001100540161 2498
1609015067275 0.8777081370353699 2547
1609015099992 0.8932623863220215 2596
1609015132593 0.8918927311897278 2645
1609015165414 0.8764005899429321 2694
1609015197855 0.8528897762298584 2743
1609015230584 0.8502263426780701 2792
1609015263081 0.8159423470497131 2841
1609015295751 0.7601223587989807 2890
1609015328338 0.7940612435340881 2939
1609015360710 0.8135552406311035 2988
1609015393755 0.8436964750289917 3037
1609015426444 0.8528026342391968 3086
1609015459260 0.8527907729148865 3135
1609015492091 0.8717887997627258 3184
1609015525325 0.8797839879989624 3233
1609015557951 0.9026850461959839 3282
1609015590617 0.9257107377052307 3331
1609015623419 0.9325891733169556 3380
1609015655756 0.9400838613510132 3429
1609015688901 0.9335086941719055 3478
1609015721417 0.9349127411842346 3527
1609015753873 0.9310330152511597 3576
1609015786502 0.924665093421936 3625
1609015819099 0.9312108755111694 3674
1609015851622 0.9182177782058716 3723
1609015883990 0.8943193554878235 3772
1609015916827 0.8783743381500244 3821
1609015949798 0.8401516675949097 3870
1609015982463 0.8597947359085083 3919
1609016014987 0.8517820835113525 3968
1609016047328 0.8586387038230896 4017
1609016079949 0.8537805080413818 4066
1609016112761 0.8945803046226501 4115
1609016145574 0.9040569067001343 4164
1609016178188 0.9271562099456787 4213
1609016210629 0.9444799423217773 4262
1609016243008 0.9444785118103027 4311
1609016275724 0.9570980668067932 4360
1609016308677 0.957905113697052 4409
1609016341142 0.9537953734397888 4458
1609016374007 0.954123854637146 4507
1609016406544 0.9555691480636597 4556
1609016439318 0.956465482711792 4605
1609016472422 0.9566187262535095 4654
1609016505116 0.9558138251304626 4703
1609016537612 0.931402862071991 4752
1609016570271 0.9058033227920532 4801
1609016602973 0.9058522582054138 4850
1609016635367 0.8960318565368652 4899
