1609659090294 0 48
1609659090305 0 48
1609659172521 1 97
1609659172534 1 97
1609659256065 2 146
1609659256076 2 146
1609659338765 3 195
1609659338779 3 195
1609659422726 4 244
1609659422736 4 244
1609659506603 5 293
1609659506613 5 293
1609659589831 6 342
1609659589840 6 342
1609659674417 7 391
1609659674428 7 391
1609659757350 8 440
1609659757361 8 440
1609659840813 9 489
1609659840823 9 489
1609659924131 10 538
1609659924143 10 538
1609660006582 11 587
1609660006592 11 587
1609660089169 12 636
1609660089181 12 636
1609660171670 13 685
1609660171684 13 685
1609660254545 14 734
1609660254561 14 734
1609660337635 15 783
1609660337647 15 783
1609660421408 16 832
1609660421421 16 832
1609660504324 17 881
1609660504337 17 881
1609660587780 18 930
1609660587793 18 930
1609660670176 19 979
1609660670189 19 979
1609660752402 20 1028
1609660752416 20 1028
1609660834900 21 1077
1609660834914 21 1077
1609660917968 22 1126
1609660917985 22 1126
1609661001631 23 1175
1609661001642 23 1175
1609661083675 24 1224
1609661083691 24 1224
1609661166504 25 1273
1609661166514 25 1273
1609661248879 26 1322
1609661248890 26 1322
1609661332020 27 1371
1609661332030 27 1371
1609661415222 28 1420
1609661415232 28 1420
1609661499916 29 1469
1609661499927 29 1469
