1609330329383 0 48
1609330329395 0 48
1609330361498 1 97
1609330361509 1 97
1609330393992 2 146
1609330394002 2 146
1609330426762 3 195
1609330426773 3 195
1609330459632 4 244
1609330459643 4 244
1609330491918 5 293
1609330491930 5 293
1609330524644 6 342
1609330524655 6 342
1609330557238 7 391
1609330557248 7 391
1609330589792 8 440
1609330589807 8 440
1609330622574 9 489
1609330622584 9 489
1609330655243 10 538
1609330655253 10 538
1609330688114 11 587
1609330688124 11 587
1609330720837 12 636
1609330720847 12 636
1609330753021 13 685
1609330753035 13 685
1609330785331 14 734
1609330785341 14 734
1609330817542 15 783
1609330817555 15 783
1609330849927 16 832
1609330849940 16 832
1609330882169 17 881
1609330882183 17 881
1609330914481 18 930
1609330914494 18 930
1609330946715 19 979
1609330946724 19 979
1609330979024 20 1028
1609330979036 20 1028
1609331011213 21 1077
1609331011223 21 1077
1609331043511 22 1126
1609331043522 22 1126
1609331076274 23 1175
1609331076285 23 1175
1609331108563 24 1224
1609331108573 24 1224
1609331141259 25 1273
1609331141269 25 1273
1609331173910 26 1322
1609331173920 26 1322
1609331206624 27 1371
1609331206634 27 1371
1609331239368 28 1420
1609331239378 28 1420
1609331272241 29 1469
1609331272252 29 1469
