1609156105277 3.0367815494537354 48
1609156138251 2.6747474670410156 97
1609156171700 2.5326859951019287 146
1609156205241 2.2851741313934326 195
1609156238813 2.0622801780700684 244
1609156272249 1.9100713729858398 293
1609156305773 1.684372901916504 342
1609156339362 1.4809458255767822 391
1609156372994 1.2904431819915771 440
1609156406614 1.1853147745132446 489
1609156440449 1.1557034254074097 538
1609156473951 1.2088476419448853 587
1609156507096 1.1636362075805664 636
1609156540295 1.248214840888977 685
1609156573391 1.3281677961349487 734
1609156606616 1.4625434875488281 783
1609156639721 1.476960301399231 832
1609156672988 1.6674323081970215 881
1609156706215 1.531334400177002 930
1609156739534 1.4202497005462646 979
1609156772712 1.4162334203720093 1028
1609156805934 1.430143117904663 1077
1609156839209 1.1708239316940308 1126
1609156872697 1.0191348791122437 1175
1609156905876 0.9524670243263245 1224
1609156939376 0.8318182229995728 1273
1609156973005 0.6461186408996582 1322
1609157006662 0.4810892343521118 1371
1609157040237 0.417442262172699 1420
1609157073808 0.3745138645172119 1469
1609157107464 0.36873409152030945 1518
1609157140619 0.36397188901901245 1567
1609157173753 0.3450893759727478 1616
1609157207002 0.4095999002456665 1665
1609157240101 0.4841276705265045 1714
1609157273310 0.6118714809417725 1763
1609157306463 0.7056518793106079 1812
1609157339675 0.748228132724762 1861
1609157372822 0.9017764925956726 1910
1609157405974 0.8451663255691528 1959
1609157439136 0.898475706577301 2008
1609157472284 0.7915970683097839 2057
1609157505438 0.8338483572006226 2106
1609157538725 0.7091554999351501 2155
1609157571891 0.5008398294448853 2204
1609157605160 0.34833744168281555 2253
1609157638422 0.27270233631134033 2302
1609157671619 0.18615718185901642 2351
1609157704805 0.16720609366893768 2400
1609157738213 0.15923012793064117 2449
1609157771315 0.14766785502433777 2498
1609157804609 0.14415305852890015 2547
1609157837819 0.13827627897262573 2596
1609157871002 0.1282491832971573 2645
1609157904310 0.20050165057182312 2694
1609157937480 0.25402337312698364 2743
1609157970609 0.3877810537815094 2792
1609158003991 0.5359533429145813 2841
1609158037202 0.6392512917518616 2890
1609158070494 0.6070809364318848 2939
1609158103684 0.637805163860321 2988
1609158136848 0.6350567936897278 3037
1609158170062 0.505983829498291 3086
1609158203298 0.4536232054233551 3135
1609158236523 0.30038800835609436 3184
1609158269946 0.2300451546907425 3233
1609158303174 0.14069753885269165 3282
1609158336283 0.11040441691875458 3331
1609158369569 0.08853376656770706 3380
1609158402813 0.08346933126449585 3429
1609158436177 0.06840665638446808 3478
1609158469394 0.07547678798437119 3527
1609158502686 0.08184638619422913 3576
1609158535871 0.08184665441513062 3625
1609158569128 0.07595594227313995 3674
1609158602304 0.11253677308559418 3723
1609158635599 0.1916213184595108 3772
1609158668901 0.33295169472694397 3821
1609158702035 0.5112947225570679 3870
1609158735280 0.4632086753845215 3919
1609158768519 0.47755730152130127 3968
1609158801776 0.39751946926116943 4017
1609158834900 0.34420788288116455 4066
1609158868042 0.20574067533016205 4115
1609158901305 0.21735522150993347 4164
1609158934637 0.14880841970443726 4213
1609158968031 0.11383204162120819 4262
1609159001360 0.08414960652589798 4311
1609159034801 0.051893554627895355 4360
1609159067971 0.050052009522914886 4409
1609159101340 0.04137919470667839 4458
1609159134727 0.04549648240208626 4507
1609159167980 0.055005207657814026 4556
1609159201116 0.043302055448293686 4605
1609159234543 0.06151629239320755 4654
1609159267753 0.06467057764530182 4703
1609159300987 0.06397619843482971 4752
1609159334155 0.17320850491523743 4801
1609159367369 0.3029938042163849 4850
1609159400598 0.5066589713096619 4899
