1609664984266 0.22267837822437286 48
1609665067473 0.31636717915534973 97
1609665151426 0.35807961225509644 146
1609665235996 0.37571293115615845 195
1609665319540 0.4624839723110199 244
1609665403064 0.47871091961860657 293
1609665486995 0.5637677311897278 342
1609665570782 0.4985513389110565 391
1609665654519 0.5637151598930359 440
1609665736460 0.5831471085548401 489
1609665819410 0.5198851823806763 538
1609665903300 0.6021056771278381 587
1609665986551 0.6803749203681946 636
1609666068561 0.6140267848968506 685
1609666151445 0.5902661681175232 734
1609666234096 0.5665514469146729 783
1609666317424 0.6147867441177368 832
1609666398682 0.6263863444328308 881
1609666480352 0.5844305753707886 930
1609666563404 0.5869283080101013 979
1609666647787 0.6634145379066467 1028
1609666731398 0.6544196605682373 1077
1609666812544 0.6753760576248169 1126
1609666896415 0.6025026440620422 1175
1609666979298 0.7107219099998474 1224
1609667061544 0.70140540599823 1273
1609667146212 0.6955598592758179 1322
1609667229608 0.690117359161377 1371
1609667312791 0.6976916193962097 1420
1609667396386 0.6910823583602905 1469
