1609333545642 0.27483314275741577 48
1609333578915 0.31196823716163635 97
1609333611871 0.3519735336303711 146
1609333645098 0.37970516085624695 195
1609333677949 0.42140036821365356 244
1609333710958 0.4658772051334381 293
1609333743971 0.5117194056510925 342
1609333777062 0.5594872236251831 391
1609333810186 0.6096455454826355 440
1609333843321 0.6543484330177307 489
1609333876444 0.6570674180984497 538
1609333909795 0.6557973623275757 587
1609333942803 0.6461295485496521 636
1609333975275 0.6481350064277649 685
1609334007992 0.6502743363380432 734
1609334040606 0.6604245901107788 783
1609334073172 0.6385394930839539 832
1609334105583 0.6378353238105774 881
1609334138110 0.6401082873344421 930
1609334170802 0.6538342833518982 979
1609334203541 0.6894181370735168 1028
1609334236128 0.7028551697731018 1077
1609334268879 0.7473808526992798 1126
1609334301426 0.7794814705848694 1175
1609334334670 0.8028934001922607 1224
1609334367675 0.8359665870666504 1273
1609334400649 0.8736183047294617 1322
1609334433716 0.8965017795562744 1371
1609334466925 0.9135339856147766 1420
1609334500175 0.9182500839233398 1469
