1609703331550 0.23574918508529663 48
1609703412873 0.29837706685066223 97
1609703496255 0.33459699153900146 146
1609703578677 0.39301055669784546 195
1609703660446 0.43275684118270874 244
1609703742147 0.46274828910827637 293
1609703824528 0.4785468876361847 342
1609703906777 0.5363577008247375 391
1609703989012 0.5602471232414246 440
1609704070604 0.5690929889678955 489
1609704152242 0.5848891735076904 538
1609704234818 0.5722320079803467 587
1609704317237 0.5671805739402771 636
1609704399433 0.578028678894043 685
1609704480949 0.5483513474464417 734
1609704562734 0.5315523147583008 783
1609704644659 0.5421091318130493 832
1609704726246 0.5141900777816772 881
1609704807249 0.5556033253669739 930
1609704889027 0.5725529193878174 979
1609704971177 0.5931495428085327 1028
1609705053683 0.5827569365501404 1077
1609705135903 0.6032295823097229 1126
1609705218508 0.6090958118438721 1175
1609705301188 0.6614311337471008 1224
1609705383089 0.6535338163375854 1273
1609705465215 0.7035262584686279 1322
1609705547586 0.6948896646499634 1371
1609705630357 0.7355321645736694 1420
1609705713864 0.7234101295471191 1469
