1609401409309 0 48
1609401409318 0 48
1609401439513 1 97
1609401439522 1 97
1609401469668 2 146
1609401469677 2 146
1609401499264 3 195
1609401499273 3 195
1609401529000 4 244
1609401529010 4 244
1609401559036 5 293
1609401559045 5 293
1609401589039 6 342
1609401589048 6 342
1609401619117 7 391
1609401619127 7 391
1609401649334 8 440
1609401649342 8 440
1609401679494 9 489
1609401679503 9 489
1609401709366 10 538
1609401709375 10 538
1609401739467 11 587
1609401739476 11 587
1609401769654 12 636
1609401769663 12 636
1609401799313 13 685
1609401799322 13 685
1609401829013 14 734
1609401829024 14 734
1609401858903 15 783
1609401858913 15 783
1609401888701 16 832
1609401888711 16 832
1609401918347 17 881
1609401918358 17 881
1609401948041 18 930
1609401948051 18 930
1609401977771 19 979
1609401977782 19 979
1609402007400 20 1028
1609402007413 20 1028
1609402037153 21 1077
1609402037163 21 1077
1609402066848 22 1126
1609402066861 22 1126
1609402096987 23 1175
1609402096996 23 1175
1609402127037 24 1224
1609402127045 24 1224
1609402157144 25 1273
1609402157154 25 1273
1609402187252 26 1322
1609402187261 26 1322
1609402217527 27 1371
1609402217536 27 1371
1609402247651 28 1420
1609402247660 28 1420
1609402277794 29 1469
1609402277803 29 1469
