1609430918038 0 48
1609430918051 0 48
1609430951962 1 97
1609430951972 1 97
1609430985758 2 146
1609430985769 2 146
1609431019561 3 195
1609431019571 3 195
1609431053327 4 244
1609431053338 4 244
1609431087068 5 293
1609431087079 5 293
1609431120767 6 342
1609431120778 6 342
1609431154508 7 391
1609431154519 7 391
1609431188237 8 440
1609431188248 8 440
1609431222209 9 489
1609431222219 9 489
1609431255953 10 538
1609431255963 10 538
1609431289906 11 587
1609431289917 11 587
1609431323782 12 636
1609431323792 12 636
1609431357349 13 685
1609431357359 13 685
1609431390968 14 734
1609431390979 14 734
1609431424431 15 783
1609431424445 15 783
1609431457849 16 832
1609431457863 16 832
1609431491268 17 881
1609431491279 17 881
1609431524716 18 930
1609431524729 18 930
1609431558339 19 979
1609431558349 19 979
1609431591673 20 1028
1609431591683 20 1028
1609431625334 21 1077
1609431625347 21 1077
1609431658848 22 1126
1609431658859 22 1126
1609431692571 23 1175
1609431692584 23 1175
1609431726564 24 1224
1609431726575 24 1224
1609431760537 25 1273
1609431760548 25 1273
1609431794548 26 1322
1609431794559 26 1322
1609431828609 27 1371
1609431828619 27 1371
1609431862373 28 1420
1609431862384 28 1420
1609431896199 29 1469
1609431896209 29 1469
1609431930253 30 1518
1609431930264 30 1518
1609431964181 31 1567
1609431964192 31 1567
1609431997735 32 1616
1609431997746 32 1616
1609432031312 33 1665
1609432031324 33 1665
1609432064737 34 1714
1609432064748 34 1714
1609432098206 35 1763
1609432098216 35 1763
1609432131735 36 1812
1609432131747 36 1812
1609432165097 37 1861
1609432165109 37 1861
1609432198581 38 1910
1609432198593 38 1910
1609432232065 39 1959
1609432232079 39 1959
