1609614038971 0 48
1609614038980 0 48
1609614130617 1 97
1609614130629 1 97
1609614222018 2 146
1609614222028 2 146
1609614315221 3 195
1609614315234 3 195
1609614409154 4 244
1609614409164 4 244
1609614501990 5 293
1609614502000 5 293
1609614594140 6 342
1609614594150 6 342
1609614686405 7 391
1609614686415 7 391
1609614779584 8 440
1609614779595 8 440
1609614871758 9 489
1609614871769 9 489
1609614965741 10 538
1609614965751 10 538
1609615058004 11 587
1609615058017 11 587
1609615149658 12 636
1609615149670 12 636
1609615241174 13 685
1609615241184 13 685
1609615333667 14 734
1609615333679 14 734
1609615425389 15 783
1609615425401 15 783
1609615517646 16 832
1609615517658 16 832
1609615608729 17 881
1609615608745 17 881
1609615701802 18 930
1609615701815 18 930
1609615794999 19 979
1609615795011 19 979
1609615886349 20 1028
1609615886361 20 1028
1609615977909 21 1077
1609615977921 21 1077
1609616069561 22 1126
1609616069576 22 1126
1609616162216 23 1175
1609616162226 23 1175
1609616254669 24 1224
1609616254680 24 1224
1609616346510 25 1273
1609616346520 25 1273
1609616440131 26 1322
1609616440140 26 1322
1609616531419 27 1371
1609616531429 27 1371
1609616624568 28 1420
1609616624578 28 1420
1609616717465 29 1469
1609616717474 29 1469
