1609432354560 3.0624754428863525 48
1609432388562 2.8240621089935303 97
1609432421994 2.674694061279297 146
1609432455854 2.589980125427246 195
1609432489812 2.3896257877349854 244
1609432523575 2.1582157611846924 293
1609432557352 2.0492212772369385 342
1609432591128 1.8567615747451782 391
1609432625073 1.795813798904419 440
1609432658977 1.7011231184005737 489
1609432692398 1.6595923900604248 538
1609432726285 1.6683483123779297 587
1609432759593 1.6707547903060913 636
1609432793151 1.5968551635742188 685
1609432826469 1.7513511180877686 734
1609432859679 1.7648308277130127 783
1609432892953 1.8173562288284302 832
1609432926214 1.8083739280700684 881
1609432959546 1.9135442972183228 930
1609432993001 1.8098772764205933 979
1609433026515 1.7451767921447754 1028
1609433059659 1.6540236473083496 1077
1609433093181 1.5407017469406128 1126
1609433126965 1.51369047164917 1175
1609433160774 1.4591881036758423 1224
1609433194383 1.1836309432983398 1273
1609433228145 0.9554065465927124 1322
1609433262151 0.9264241456985474 1371
1609433295974 0.8817563056945801 1420
1609433329928 0.9844771027565002 1469
1609433363680 0.8758431673049927 1518
1609433397143 0.8876159191131592 1567
1609433430460 0.7230286598205566 1616
1609433463810 0.8537738919258118 1665
1609433497366 0.8394709229469299 1714
1609433530896 1.1215144395828247 1763
1609433564350 1.0322797298431396 1812
1609433597880 1.2864980697631836 1861
1609433631372 1.2305290699005127 1910
1609433664975 1.2654701471328735 1959
