1609617236360 0.23166212439537048 48
1609617328174 0.2922351360321045 97
1609617421290 0.35775265097618103 146
1609617513482 0.39965081214904785 195
1609617606251 0.4480578899383545 244
1609617699050 0.5239289999008179 293
1609617791104 0.5669167637825012 342
1609617882798 0.614180862903595 391
1609617974150 0.65387362241745 440
1609618064736 0.6901193857192993 489
1609618156044 0.681628942489624 538
1609618248088 0.6902930736541748 587
1609618341476 0.6919090747833252 636
1609618433510 0.7034446597099304 685
1609618525576 0.670448362827301 734
1609618617963 0.6983522176742554 783
1609618708876 0.671599268913269 832
1609618800102 0.7067452669143677 881
1609618892374 0.6861441731452942 930
1609618983595 0.7300758957862854 979
1609619074391 0.7687878012657166 1028
1609619166511 0.7683275938034058 1077
1609619256218 0.7951492071151733 1126
1609619348941 0.8258124589920044 1175
1609619441639 0.8315249085426331 1224
1609619534113 0.8491401672363281 1273
1609619624928 0.885527491569519 1322
1609619717642 0.8983460068702698 1371
1609619809298 0.9069252610206604 1420
1609619900561 0.9192675352096558 1469
