1609163071892 0.25437110662460327 48
1609163117233 0.3496984541416168 97
1609163162648 0.42484283447265625 146
1609163208174 0.48666849732398987 195
1609163253432 0.5385187864303589 244
1609163298974 0.6031267046928406 293
1609163344550 0.6430257558822632 342
1609163390188 0.6778689026832581 391
1609163435824 0.7176589369773865 440
1609163481401 0.7369294166564941 489
1609163527080 0.737385094165802 538
1609163572577 0.7231273651123047 587
1609163617794 0.7426232099533081 636
1609163662933 0.7286891341209412 685
1609163708231 0.712081789970398 734
1609163753478 0.6912684440612793 783
1609163798875 0.6969224214553833 832
1609163844186 0.7016205787658691 881
1609163889452 0.6900484561920166 930
1609163934845 0.7147297263145447 979
1609163980037 0.7290368676185608 1028
1609164025272 0.7556101679801941 1077
1609164070516 0.7849975228309631 1126
1609164115886 0.8059712052345276 1175
1609164161616 0.8368290662765503 1224
1609164206975 0.8600461483001709 1273
1609164252290 0.885383129119873 1322
1609164297973 0.9063710570335388 1371
1609164343226 0.9172800779342651 1420
1609164388513 0.9246532917022705 1469
