1609146541415 0 48
1609146541425 0 48
1609146574500 1 97
1609146574511 1 97
1609146608129 2 146
1609146608144 2 146
1609146641271 3 195
1609146641283 3 195
1609146674380 4 244
1609146674391 4 244
1609146707671 5 293
1609146707683 5 293
1609146741233 6 342
1609146741244 6 342
1609146775064 7 391
1609146775075 7 391
1609146808974 8 440
1609146808984 8 440
1609146842133 9 489
1609146842144 9 489
1609146875320 10 538
1609146875334 10 538
1609146908672 11 587
1609146908683 11 587
1609146942356 12 636
1609146942366 12 636
1609146975625 13 685
1609146975640 13 685
1609147008941 14 734
1609147008952 14 734
1609147042144 15 783
1609147042155 15 783
1609147075854 16 832
1609147075865 16 832
1609147109085 17 881
1609147109095 17 881
1609147142262 18 930
1609147142272 18 930
1609147175910 19 979
1609147175920 19 979
1609147209195 20 1028
1609147209206 20 1028
1609147242484 21 1077
1609147242494 21 1077
1609147275829 22 1126
1609147275843 22 1126
1609147309256 23 1175
1609147309266 23 1175
1609147343023 24 1224
1609147343033 24 1224
1609147376693 25 1273
1609147376704 25 1273
1609147410397 26 1322
1609147410409 26 1322
1609147444247 27 1371
1609147444257 27 1371
1609147477990 28 1420
1609147478001 28 1420
1609147511764 29 1469
1609147511775 29 1469
1609147544942 30 1518
1609147544954 30 1518
1609147578387 31 1567
1609147578398 31 1567
1609147612030 32 1616
1609147612041 32 1616
1609147645438 33 1665
1609147645451 33 1665
1609147679375 34 1714
1609147679386 34 1714
1609147712760 35 1763
1609147712771 35 1763
1609147746058 36 1812
1609147746068 36 1812
1609147779300 37 1861
1609147779315 37 1861
1609147812472 38 1910
1609147812482 38 1910
1609147845899 39 1959
1609147845911 39 1959
1609147879240 40 2008
1609147879250 40 2008
1609147912421 41 2057
1609147912435 41 2057
1609147945807 42 2106
1609147945820 42 2106
1609147979020 43 2155
1609147979032 43 2155
1609148012219 44 2204
1609148012231 44 2204
1609148045495 45 2253
1609148045510 45 2253
1609148079412 46 2302
1609148079422 46 2302
1609148113212 47 2351
1609148113223 47 2351
1609148146852 48 2400
1609148146862 48 2400
1609148180152 49 2449
1609148180164 49 2449
1609148213926 50 2498
1609148213937 50 2498
1609148247630 51 2547
1609148247641 51 2547
1609148281347 52 2596
1609148281359 52 2596
1609148314911 53 2645
1609148314921 53 2645
1609148348246 54 2694
1609148348256 54 2694
1609148381421 55 2743
1609148381432 55 2743
1609148414667 56 2792
1609148414679 56 2792
1609148447933 57 2841
1609148447945 57 2841
1609148481285 58 2890
1609148481300 58 2890
1609148514508 59 2939
1609148514518 59 2939
1609148547782 60 2988
1609148547793 60 2988
1609148581081 61 3037
1609148581093 61 3037
1609148614360 62 3086
1609148614373 62 3086
1609148647825 63 3135
1609148647837 63 3135
1609148681666 64 3184
1609148681677 64 3184
1609148715093 65 3233
1609148715104 65 3233
1609148748784 66 3282
1609148748795 66 3282
1609148782620 67 3331
1609148782631 67 3331
1609148816335 68 3380
1609148816347 68 3380
1609148850057 69 3429
1609148850067 69 3429
1609148883911 70 3478
1609148883922 70 3478
1609148917262 71 3527
1609148917272 71 3527
1609148950520 72 3576
1609148950531 72 3576
1609148983888 73 3625
1609148983899 73 3625
1609149017598 74 3674
1609149017609 74 3674
1609149050942 75 3723
1609149050954 75 3723
1609149084623 76 3772
1609149084635 76 3772
1609149117895 77 3821
1609149117906 77 3821
1609149151379 78 3870
1609149151388 78 3870
1609149184817 79 3919
1609149184827 79 3919
1609149218240 80 3968
1609149218252 80 3968
1609149251513 81 4017
1609149251525 81 4017
1609149284815 82 4066
1609149284827 82 4066
1609149318068 83 4115
1609149318082 83 4115
1609149351496 84 4164
1609149351509 84 4164
1609149385258 85 4213
1609149385269 85 4213
1609149418585 86 4262
1609149418596 86 4262
1609149452354 87 4311
1609149452366 87 4311
1609149486237 88 4360
1609149486249 88 4360
1609149519586 89 4409
1609149519596 89 4409
1609149553319 90 4458
1609149553331 90 4458
1609149586690 91 4507
1609149586702 91 4507
1609149620580 92 4556
1609149620592 92 4556
1609149653963 93 4605
1609149653976 93 4605
1609149687262 94 4654
1609149687274 94 4654
1609149720624 95 4703
1609149720637 95 4703
1609149753990 96 4752
1609149754003 96 4752
1609149787333 97 4801
1609149787346 97 4801
1609149820632 98 4850
1609149820643 98 4850
1609149853894 99 4899
1609149853905 99 4899
