1609400455702 0 48
1609400455711 0 48
1609400485562 1 97
1609400485571 1 97
1609400515503 2 146
1609400515512 2 146
1609400545538 3 195
1609400545547 3 195
1609400575542 4 244
1609400575551 4 244
1609400605522 5 293
1609400605531 5 293
1609400635494 6 342
1609400635503 6 342
1609400665529 7 391
1609400665538 7 391
1609400695505 8 440
1609400695514 8 440
1609400725379 9 489
1609400725388 9 489
1609400755323 10 538
1609400755332 10 538
1609400785140 11 587
1609400785148 11 587
1609400814700 12 636
1609400814711 12 636
1609400844283 13 685
1609400844296 13 685
1609400873850 14 734
1609400873861 14 734
1609400903473 15 783
1609400903482 15 783
1609400933189 16 832
1609400933199 16 832
1609400962733 17 881
1609400962746 17 881
1609400992335 18 930
1609400992345 18 930
1609401021929 19 979
1609401021939 19 979
1609401051528 20 1028
1609401051537 20 1028
1609401081157 21 1077
1609401081166 21 1077
1609401110835 22 1126
1609401110847 22 1126
1609401140314 23 1175
1609401140324 23 1175
1609401169939 24 1224
1609401169950 24 1224
1609401199896 25 1273
1609401199905 25 1273
1609401229941 26 1322
1609401229950 26 1322
1609401260030 27 1371
1609401260040 27 1371
1609401290074 28 1420
1609401290083 28 1420
1609401319962 29 1469
1609401319971 29 1469
