1609129233339 1.333155632019043 48
1609129273694 1.207306146621704 97
1609129315284 1.159227728843689 146
1609129354608 1.1330435276031494 195
1609129394167 1.109110713005066 244
1609129434656 1.1099848747253418 293
1609129473568 1.0540539026260376 342
1609129514812 1.0169589519500732 391
1609129554682 0.9962375164031982 440
1609129595966 0.9690432548522949 489
1609129635675 0.9628040194511414 538
1609129674535 0.9739662408828735 587
1609129713750 0.9732287526130676 636
1609129754173 0.9853377342224121 685
1609129795248 1.0234267711639404 734
1609129834596 1.0412472486495972 783
1609129875532 1.0033985376358032 832
1609129916482 1.0351345539093018 881
1609129955546 1.0161787271499634 930
1609129995456 0.9911499619483948 979
1609130036539 0.9917216300964355 1028
1609130076314 0.9868142604827881 1077
1609130116694 0.9479671120643616 1126
1609130156248 0.9145623445510864 1175
1609130198519 0.9154030084609985 1224
1609130239441 0.8771595358848572 1273
1609130280182 0.863886296749115 1322
1609130320396 0.8559442758560181 1371
1609130359802 0.8194546103477478 1420
1609130401659 0.8214240074157715 1469
1609130442129 0.7964106202125549 1518
1609130482606 0.784966230392456 1567
1609130522026 0.8059255480766296 1616
1609130561971 0.8265534043312073 1665
1609130602066 0.8142315149307251 1714
1609130642682 0.8733005523681641 1763
1609130681503 0.8350001573562622 1812
1609130723063 0.8720464110374451 1861
1609130763042 0.9036411643028259 1910
1609130803640 0.8975704312324524 1959
1609130844128 0.8853507041931152 2008
1609130883654 0.8502399325370789 2057
1609130923327 0.8507332801818848 2106
1609130963714 0.8335065245628357 2155
1609131004563 0.7662237882614136 2204
1609131045050 0.7126114368438721 2253
1609131085237 0.7097748517990112 2302
1609131125238 0.7121869325637817 2351
1609131164699 0.6918464303016663 2400
1609131205591 0.6777788400650024 2449
