1609617236360 3.060795545578003 48
1609617328174 2.8438291549682617 97
1609617421290 2.631464958190918 146
1609617513482 2.4662795066833496 195
1609617606251 2.3408596515655518 244
1609617699050 2.1539411544799805 293
1609617791104 1.9776637554168701 342
1609617882798 1.7731146812438965 391
1609617974150 1.6430526971817017 440
1609618064736 1.5140080451965332 489
1609618156044 1.4881982803344727 538
1609618248088 1.4903640747070312 587
1609618341476 1.453270435333252 636
1609618433510 1.5002646446228027 685
1609618525576 1.6374019384384155 734
1609618617963 1.6033427715301514 783
1609618708876 1.678831934928894 832
1609618800102 1.6316556930541992 881
1609618892374 1.7153900861740112 930
1609618983595 1.5649596452713013 979
1609619074391 1.37430739402771 1028
1609619166511 1.4237167835235596 1077
1609619256218 1.334187388420105 1126
1609619348941 1.137413501739502 1175
1609619441639 1.0341176986694336 1224
1609619534113 0.9165815114974976 1273
1609619624928 0.736624002456665 1322
1609619717642 0.6346678733825684 1371
1609619809298 0.5725517272949219 1420
1609619900561 0.5333728790283203 1469
