1609476028880 1.5838545550650451e-06 48
1609476061746 1.7128404579125345e-06 97
1609476094991 1.6294014812956448e-06 146
1609476128268 1.7006301504807197e-06 195
1609476161299 1.6550841337448219e-06 244
1609476194796 1.6948862366916728e-06 293
1609476228079 1.6379890439566225e-06 342
1609476261651 1.6190498399737407e-06 391
1609476295158 1.658761561884603e-06 440
1609476328556 1.657873781368835e-06 489
1609476361704 1.669316588959191e-06 538
1609476395058 1.697918378340546e-06 587
1609476428054 1.6666685951349791e-06 636
1609476461070 1.6994472389342263e-06 685
1609476494033 1.6293594171656878e-06 734
1609476527008 1.70393138887448e-06 783
1609476560042 1.693410695224884e-06 832
1609476593239 1.6994844145301613e-06 881
1609476626345 1.6565737723794882e-06 930
1609476659320 1.655797518651525e-06 979
1609476692304 1.6258885580100468e-06 1028
1609476725303 1.6017393136280589e-06 1077
1609476758273 1.6984961348498473e-06 1126
1609476791725 1.584128199283441e-06 1175
1609476824633 1.6808960481284885e-06 1224
1609476858356 1.7395772147210664e-06 1273
1609476891778 1.6362165524697048e-06 1322
1609476925326 1.7058723642549012e-06 1371
1609476958867 1.6956875015239348e-06 1420
1609476992280 1.641611561353784e-06 1469
1609477025795 1.718276166684518e-06 1518
1609477058799 1.6559075675104395e-06 1567
1609477091889 1.6641535012240638e-06 1616
1609477124934 1.6555427464481909e-06 1665
1609477157987 1.6864973986230325e-06 1714
1609477190914 1.6706707128832932e-06 1763
1609477224018 1.7098524267566972e-06 1812
1609477257014 1.6726847889003693e-06 1861
1609477289971 1.6698159015504643e-06 1910
1609477322924 1.625280447115074e-06 1959
