1609156105264 0 48
1609156105277 0 48
1609156138238 1 97
1609156138251 1 97
1609156171690 2 146
1609156171700 2 146
1609156205230 3 195
1609156205241 3 195
1609156238803 4 244
1609156238813 4 244
1609156272238 5 293
1609156272249 5 293
1609156305762 6 342
1609156305773 6 342
1609156339351 7 391
1609156339362 7 391
1609156372983 8 440
1609156372994 8 440
1609156406603 9 489
1609156406614 9 489
1609156440438 10 538
1609156440449 10 538
1609156473940 11 587
1609156473951 11 587
1609156507084 12 636
1609156507096 12 636
1609156540283 13 685
1609156540295 13 685
1609156573380 14 734
1609156573391 14 734
1609156606605 15 783
1609156606616 15 783
1609156639707 16 832
1609156639721 16 832
1609156672974 17 881
1609156672988 17 881
1609156706205 18 930
1609156706215 18 930
1609156739522 19 979
1609156739534 19 979
1609156772702 20 1028
1609156772712 20 1028
1609156805920 21 1077
1609156805934 21 1077
1609156839198 22 1126
1609156839209 22 1126
1609156872687 23 1175
1609156872697 23 1175
1609156905863 24 1224
1609156905876 24 1224
1609156939365 25 1273
1609156939376 25 1273
1609156972994 26 1322
1609156973005 26 1322
1609157006651 27 1371
1609157006662 27 1371
1609157040226 28 1420
1609157040237 28 1420
1609157073797 29 1469
1609157073808 29 1469
1609157107453 30 1518
1609157107464 30 1518
1609157140604 31 1567
1609157140619 31 1567
1609157173739 32 1616
1609157173753 32 1616
1609157206991 33 1665
1609157207002 33 1665
1609157240089 34 1714
1609157240101 34 1714
1609157273300 35 1763
1609157273310 35 1763
1609157306452 36 1812
1609157306463 36 1812
1609157339663 37 1861
1609157339675 37 1861
1609157372810 38 1910
1609157372822 38 1910
1609157405959 39 1959
1609157405974 39 1959
1609157439125 40 2008
1609157439136 40 2008
1609157472273 41 2057
1609157472284 41 2057
1609157505426 42 2106
1609157505438 42 2106
1609157538713 43 2155
1609157538725 43 2155
1609157571878 44 2204
1609157571891 44 2204
1609157605145 45 2253
1609157605160 45 2253
1609157638411 46 2302
1609157638422 46 2302
1609157671608 47 2351
1609157671619 47 2351
1609157704794 48 2400
1609157704805 48 2400
1609157738202 49 2449
1609157738213 49 2449
1609157771305 50 2498
1609157771315 50 2498
1609157804596 51 2547
1609157804609 51 2547
1609157837806 52 2596
1609157837819 52 2596
1609157870990 53 2645
1609157871002 53 2645
1609157904300 54 2694
1609157904310 54 2694
1609157937466 55 2743
1609157937480 55 2743
1609157970598 56 2792
1609157970609 56 2792
1609158003978 57 2841
1609158003991 57 2841
1609158037187 58 2890
1609158037202 58 2890
1609158070481 59 2939
1609158070494 59 2939
1609158103673 60 2988
1609158103684 60 2988
1609158136833 61 3037
1609158136848 61 3037
1609158170048 62 3086
1609158170062 62 3086
1609158203287 63 3135
1609158203298 63 3135
1609158236511 64 3184
1609158236523 64 3184
1609158269934 65 3233
1609158269946 65 3233
1609158303163 66 3282
1609158303174 66 3282
1609158336272 67 3331
1609158336283 67 3331
1609158369556 68 3380
1609158369569 68 3380
1609158402799 69 3429
1609158402813 69 3429
1609158436166 70 3478
1609158436177 70 3478
1609158469383 71 3527
1609158469394 71 3527
1609158502674 72 3576
1609158502686 72 3576
1609158535860 73 3625
1609158535871 73 3625
1609158569113 74 3674
1609158569128 74 3674
1609158602293 75 3723
1609158602304 75 3723
1609158635589 76 3772
1609158635599 76 3772
1609158668890 77 3821
1609158668901 77 3821
1609158702025 78 3870
1609158702035 78 3870
1609158735270 79 3919
1609158735280 79 3919
1609158768506 80 3968
1609158768519 80 3968
1609158801766 81 4017
1609158801776 81 4017
1609158834888 82 4066
1609158834900 82 4066
1609158868030 83 4115
1609158868042 83 4115
1609158901293 84 4164
1609158901305 84 4164
1609158934626 85 4213
1609158934637 85 4213
1609158968016 86 4262
1609158968031 86 4262
1609159001349 87 4311
1609159001360 87 4311
1609159034789 88 4360
1609159034801 88 4360
1609159067959 89 4409
1609159067971 89 4409
1609159101330 90 4458
1609159101340 90 4458
1609159134717 91 4507
1609159134727 91 4507
1609159167966 92 4556
1609159167980 92 4556
1609159201101 93 4605
1609159201116 93 4605
1609159234530 94 4654
1609159234543 94 4654
1609159267740 95 4703
1609159267753 95 4703
1609159300976 96 4752
1609159300987 96 4752
1609159334142 97 4801
1609159334155 97 4801
1609159367356 98 4850
1609159367369 98 4850
1609159400584 99 4899
1609159400598 99 4899
