1609402367401 3.059645652770996 48
1609402397726 2.8546087741851807 97
1609402428089 2.7940948009490967 146
1609402458530 2.6866188049316406 195
1609402488791 2.5166804790496826 244
1609402519124 2.3607664108276367 293
1609402549418 2.2607712745666504 342
1609402579958 2.106297016143799 391
1609402610194 2.022606611251831 440
1609402640526 1.8945698738098145 489
1609402671039 1.879510521888733 538
1609402701305 1.8373799324035645 587
1609402731290 1.9300105571746826 636
1609402761372 1.9862312078475952 685
1609402791281 1.9640170335769653 734
1609402821366 1.9610193967819214 783
1609402851128 2.0703654289245605 832
1609402880956 2.0336592197418213 881
1609402910842 2.1079118251800537 930
1609402940891 1.9436343908309937 979
1609402970944 1.9200927019119263 1028
1609403001048 1.928617238998413 1077
1609403031200 1.802342176437378 1126
1609403061409 1.7777081727981567 1175
1609403091736 1.5315077304840088 1224
1609403122015 1.4500179290771484 1273
1609403152432 1.3037067651748657 1322
1609403182849 1.3391716480255127 1371
1609403213183 1.0817975997924805 1420
1609403243646 1.1934480667114258 1469
