1609610844059 0 48
1609610844070 0 48
1609610935776 1 97
1609610935786 1 97
1609611028663 2 146
1609611028674 2 146
1609611120518 3 195
1609611120529 3 195
1609611213344 4 244
1609611213355 4 244
1609611306419 5 293
1609611306430 5 293
1609611400050 6 342
1609611400060 6 342
1609611492979 7 391
1609611492990 7 391
1609611585465 8 440
1609611585476 8 440
1609611678460 9 489
1609611678471 9 489
1609611769156 10 538
1609611769167 10 538
1609611861671 11 587
1609611861682 11 587
1609611953038 12 636
1609611953051 12 636
1609612044763 13 685
1609612044775 13 685
1609612136820 14 734
1609612136831 14 734
1609612230330 15 783
1609612230345 15 783
1609612323637 16 832
1609612323650 16 832
1609612416630 17 881
1609612416643 17 881
1609612508340 18 930
1609612508353 18 930
1609612599763 19 979
1609612599778 19 979
1609612690325 20 1028
1609612690338 20 1028
1609612783519 21 1077
1609612783532 21 1077
1609612874858 22 1126
1609612874873 22 1126
1609612966635 23 1175
1609612966647 23 1175
1609613059017 24 1224
1609613059028 24 1224
1609613151714 25 1273
1609613151726 25 1273
1609613244019 26 1322
1609613244030 26 1322
1609613336841 27 1371
1609613336854 27 1371
1609613429186 28 1420
1609613429197 28 1420
1609613520578 29 1469
1609613520591 29 1469
