1609333545642 2.9623281955718994 48
1609333578915 2.773897647857666 97
1609333611871 2.6372783184051514 146
1609333645098 2.516763210296631 195
1609333677949 2.4189302921295166 244
1609333710958 2.3167457580566406 293
1609333743971 2.1710052490234375 342
1609333777062 1.990759015083313 391
1609333810186 1.8233792781829834 440
1609333843321 1.7060179710388184 489
1609333876444 1.6715213060379028 538
1609333909795 1.6567734479904175 587
1609333942803 1.694924235343933 636
1609333975275 1.7144103050231934 685
1609334007992 1.7457767724990845 734
1609334040606 1.7027724981307983 783
1609334073172 1.812268614768982 832
1609334105583 1.802794098854065 881
1609334138110 1.833277702331543 930
1609334170802 1.8125946521759033 979
1609334203541 1.6850260496139526 1028
1609334236128 1.5893502235412598 1077
1609334268879 1.5341215133666992 1126
1609334301426 1.3286569118499756 1175
1609334334670 1.2384511232376099 1224
1609334367675 1.0267934799194336 1273
1609334400649 0.8456527590751648 1322
1609334433716 0.6979066729545593 1371
1609334466925 0.5791541934013367 1420
1609334500175 0.5376561284065247 1469
