1609165142070 3.022071123123169 48
1609165175652 2.710385799407959 97
1609165209309 2.500101089477539 146
1609165242889 2.3305680751800537 195
1609165276531 2.021486282348633 244
1609165310065 1.8666424751281738 293
1609165343576 1.660433053970337 342
1609165377284 1.3955341577529907 391
1609165410844 1.2131071090698242 440
1609165444565 1.0805522203445435 489
1609165477762 1.0743330717086792 538
1609165511514 1.108691930770874 587
1609165544660 1.0878597497940063 636
1609165577946 1.1420972347259521 685
1609165611153 1.273253083229065 734
1609165644340 1.3415404558181763 783
1609165677659 1.361640453338623 832
1609165710976 1.4822742938995361 881
1609165744265 1.4605246782302856 930
1609165777540 1.3643877506256104 979
1609165810829 1.3757965564727783 1028
1609165844095 1.3250162601470947 1077
1609165877401 1.1489155292510986 1126
1609165910596 1.0038849115371704 1175
1609165943867 0.8535817265510559 1224
1609165977551 0.7572092413902283 1273
1609166011127 0.5549466013908386 1322
1609166044462 0.48350414633750916 1371
1609166078182 0.41712477803230286 1420
1609166111442 0.35855501890182495 1469
