1609503588816 0 48
1609503588826 0 48
1609503623781 1 97
1609503623794 1 97
1609503658929 2 146
1609503658943 2 146
1609503694097 3 195
1609503694108 3 195
1609503729222 4 244
1609503729233 4 244
1609503764763 5 293
1609503764773 5 293
1609503800270 6 342
1609503800280 6 342
1609503835518 7 391
1609503835530 7 391
1609503870862 8 440
1609503870873 8 440
1609503906061 9 489
1609503906073 9 489
1609503940817 10 538
1609503940828 10 538
1609503975383 11 587
1609503975395 11 587
1609504010308 12 636
1609504010318 12 636
1609504045526 13 685
1609504045541 13 685
1609504080201 14 734
1609504080214 14 734
1609504115459 15 783
1609504115473 15 783
1609504150219 16 832
1609504150230 16 832
1609504185415 17 881
1609504185427 17 881
1609504219883 18 930
1609504219896 18 930
1609504254488 19 979
1609504254503 19 979
1609504289185 20 1028
1609504289195 20 1028
1609504323869 21 1077
1609504323879 21 1077
1609504358456 22 1126
1609504358471 22 1126
1609504393499 23 1175
1609504393510 23 1175
1609504428451 24 1224
1609504428462 24 1224
1609504463435 25 1273
1609504463445 25 1273
1609504498335 26 1322
1609504498347 26 1322
1609504532818 27 1371
1609504532828 27 1371
1609504567782 28 1420
1609504567793 28 1420
1609504603919 29 1469
1609504603930 29 1469
1609504639334 30 1518
1609504639345 30 1518
1609504675164 31 1567
1609504675175 31 1567
1609504710675 32 1616
1609504710687 32 1616
1609504745590 33 1665
1609504745602 33 1665
1609504780413 34 1714
1609504780425 34 1714
1609504815340 35 1763
1609504815352 35 1763
1609504850380 36 1812
1609504850394 36 1812
1609504884865 37 1861
1609504884878 37 1861
1609504919984 38 1910
1609504919994 38 1910
1609504954527 39 1959
1609504954539 39 1959
