1609670840824 0.22668133676052094 48
1609670923375 0.28364840149879456 97
1609671006383 0.37234386801719666 146
1609671089157 0.40029987692832947 195
1609671171426 0.4347621202468872 244
1609671254114 0.45444437861442566 293
1609671336574 0.5481096506118774 342
1609671420438 0.5922945141792297 391
1609671503679 0.5857469439506531 440
1609671586888 0.6064336895942688 489
1609671670639 0.5990928411483765 538
1609671753665 0.6655588746070862 587
1609671836792 0.6552719473838806 636
1609671917980 0.6184371113777161 685
1609672001372 0.6268998384475708 734
1609672084872 0.6057590842247009 783
1609672167848 0.5957704782485962 832
1609672250756 0.596836268901825 881
1609672334074 0.6076785326004028 930
1609672416491 0.5661405920982361 979
1609672498309 0.6143613457679749 1028
1609672582046 0.6340584754943848 1077
1609672664079 0.6722756028175354 1126
1609672746313 0.5557755827903748 1175
1609672828813 0.7265005111694336 1224
1609672911033 0.6121715903282166 1273
1609672994481 0.7362704873085022 1322
1609673076415 0.7174429893493652 1371
1609673160070 0.7036890983581543 1420
1609673243841 0.6893652081489563 1469
