1609607673754 3.0857419967651367 48
1609607764707 2.855168342590332 97
1609607855990 2.6727676391601562 146
1609607947391 2.5599045753479004 195
1609608037573 2.3928709030151367 244
1609608129891 2.341611385345459 293
1609608220980 2.1702167987823486 342
1609608312485 2.0599730014801025 391
1609608404377 1.9333641529083252 440
1609608495262 1.865187406539917 489
1609608587866 1.8270119428634644 538
1609608679012 1.8633614778518677 587
1609608769191 1.8608647584915161 636
1609608860198 1.877346158027649 685
1609608951483 1.9108918905258179 734
1609609043437 1.9595218896865845 783
1609609133450 2.0040786266326904 832
1609609223611 2.052825450897217 881
1609609314474 1.9708645343780518 930
1609609406424 1.8871742486953735 979
1609609497553 1.8074235916137695 1028
1609609588596 1.8783706426620483 1077
1609609681059 1.7519218921661377 1126
1609609772522 1.6144096851348877 1175
1609609864456 1.4615652561187744 1224
1609609956131 1.3934030532836914 1273
1609610048924 1.280526876449585 1322
1609610141066 1.10130774974823 1371
1609610236419 1.0033941268920898 1420
1609610328118 0.9878711700439453 1469
