1609432354550 0 48
1609432354560 0 48
1609432388552 1 97
1609432388562 1 97
1609432421981 2 146
1609432421994 2 146
1609432455844 3 195
1609432455854 3 195
1609432489801 4 244
1609432489812 4 244
1609432523565 5 293
1609432523575 5 293
1609432557342 6 342
1609432557352 6 342
1609432591118 7 391
1609432591128 7 391
1609432625063 8 440
1609432625073 8 440
1609432658968 9 489
1609432658977 9 489
1609432692385 10 538
1609432692398 10 538
1609432726275 11 587
1609432726285 11 587
1609432759579 12 636
1609432759593 12 636
1609432793141 13 685
1609432793151 13 685
1609432826459 14 734
1609432826469 14 734
1609432859670 15 783
1609432859679 15 783
1609432892943 16 832
1609432892953 16 832
1609432926203 17 881
1609432926214 17 881
1609432959533 18 930
1609432959546 18 930
1609432992987 19 979
1609432993001 19 979
1609433026504 20 1028
1609433026515 20 1028
1609433059646 21 1077
1609433059659 21 1077
1609433093170 22 1126
1609433093181 22 1126
1609433126955 23 1175
1609433126965 23 1175
1609433160764 24 1224
1609433160774 24 1224
1609433194372 25 1273
1609433194383 25 1273
1609433228135 26 1322
1609433228145 26 1322
1609433262141 27 1371
1609433262151 27 1371
1609433295964 28 1420
1609433295974 28 1420
1609433329918 29 1469
1609433329928 29 1469
1609433363669 30 1518
1609433363680 30 1518
1609433397130 31 1567
1609433397143 31 1567
1609433430450 32 1616
1609433430460 32 1616
1609433463801 33 1665
1609433463810 33 1665
1609433497355 34 1714
1609433497366 34 1714
1609433530885 35 1763
1609433530896 35 1763
1609433564340 36 1812
1609433564350 36 1812
1609433597869 37 1861
1609433597880 37 1861
1609433631362 38 1910
1609433631372 38 1910
1609433664964 39 1959
1609433664975 39 1959
