1609349275829 3.015063762664795 48
1609349309165 2.736098051071167 97
1609349342652 2.619607925415039 146
1609349376844 2.5069310665130615 195
1609349410766 2.292435646057129 244
1609349444135 2.1116249561309814 293
1609349478046 1.9226560592651367 342
1609349511996 1.70585298538208 391
1609349546056 1.591180443763733 440
1609349579909 1.4430439472198486 489
1609349613760 1.4246914386749268 538
1609349647587 1.4042235612869263 587
1609349681142 1.461036205291748 636
1609349714804 1.4657433032989502 685
1609349748239 1.5941027402877808 734
1609349781571 1.5528746843338013 783
1609349815041 1.6175097227096558 832
1609349848626 1.735741138458252 881
1609349882233 1.6426738500595093 930
1609349915544 1.6465476751327515 979
1609349949159 1.510006308555603 1028
1609349982672 1.4638231992721558 1077
1609350016346 1.4207221269607544 1126
1609350049800 1.2508788108825684 1175
1609350083522 1.1025958061218262 1224
1609350117643 0.8832523226737976 1273
1609350151424 0.7977953553199768 1322
1609350184787 0.7294697165489197 1371
1609350218779 0.5915985703468323 1420
1609350252123 0.518834114074707 1469
