1609400455711 0.20299802720546722 48
1609400485571 0.24877402186393738 97
1609400515512 0.2677445709705353 146
1609400545547 0.29224076867103577 195
1609400575551 0.3027209937572479 244
1609400605531 0.3319641947746277 293
1609400635503 0.3097092807292938 342
1609400665538 0.3459045886993408 391
1609400695514 0.37034738063812256 440
1609400725388 0.3899250030517578 489
1609400755332 0.5096336007118225 538
1609400785148 0.4307224154472351 587
1609400814711 0.37577471137046814 636
1609400844296 0.39558926224708557 685
1609400873861 0.405060738325119 734
1609400903482 0.4299470782279968 783
1609400933199 0.39353427290916443 832
1609400962746 0.370973140001297 881
1609400992345 0.40006011724472046 930
1609401021939 0.3928923010826111 979
1609401051537 0.36722666025161743 1028
1609401081166 0.43067285418510437 1077
1609401110847 0.4739225208759308 1126
1609401140324 0.5312294960021973 1175
1609401169950 0.4295341968536377 1224
1609401199905 0.4790598154067993 1273
1609401229950 0.5179205536842346 1322
1609401260040 0.5471650958061218 1371
1609401290083 0.5512076616287231 1420
1609401319971 0.4776376783847809 1469
