1609662024845 0.22448845207691193 48
1609662108265 0.2846081852912903 97
1609662193151 0.3272255063056946 146
1609662276645 0.34351563453674316 195
1609662361441 0.4101477563381195 244
1609662445130 0.4048607051372528 293
1609662530069 0.4796943962574005 342
1609662615103 0.4995608329772949 391
1609662698651 0.5331373810768127 440
1609662782918 0.5232817530632019 489
1609662867907 0.5411536693572998 538
1609662952399 0.5312188267707825 587
1609663035767 0.5287540555000305 636
1609663119675 0.5049154162406921 685
1609663204018 0.5531496405601501 734
1609663288077 0.47104114294052124 783
1609663370233 0.5512667894363403 832
1609663454082 0.5647141337394714 881
1609663537684 0.5654863119125366 930
1609663620659 0.5280763506889343 979
1609663704973 0.5816546082496643 1028
1609663788103 0.5682540535926819 1077
1609663872224 0.5986766815185547 1126
1609663955236 0.6602169275283813 1175
1609664039444 0.6958723664283752 1224
1609664124143 0.6669893860816956 1273
1609664208393 0.7133037447929382 1322
1609664290710 0.6997540593147278 1371
1609664375690 0.7125476598739624 1420
1609664460566 0.7498844861984253 1469
