1609129233339 0.20920652151107788 48
1609129273694 0.2567595839500427 97
1609129315284 0.26456406712532043 146
1609129354608 0.2795017659664154 195
1609129394167 0.2777172923088074 244
1609129434656 0.27947843074798584 293
1609129473568 0.29395726323127747 342
1609129514812 0.31402769684791565 391
1609129554682 0.3452637195587158 440
1609129595966 0.3544290363788605 489
1609129635675 0.3650425374507904 538
1609129674535 0.34183797240257263 587
1609129713750 0.3473336398601532 636
1609129754173 0.3425903916358948 685
1609129795248 0.32710936665534973 734
1609129834596 0.31561338901519775 783
1609129875532 0.3348480463027954 832
1609129916482 0.33491235971450806 881
1609129955546 0.34985578060150146 930
1609129995456 0.3478905260562897 979
1609130036539 0.35729172825813293 1028
1609130076314 0.3668898046016693 1077
1609130116694 0.3767763674259186 1126
1609130156248 0.39851170778274536 1175
1609130198519 0.3976314663887024 1224
1609130239441 0.42800426483154297 1273
1609130280182 0.4340425133705139 1322
1609130320396 0.4453590214252472 1371
1609130359802 0.45827361941337585 1420
1609130401659 0.45550060272216797 1469
1609130442129 0.4698316752910614 1518
1609130482606 0.4743853509426117 1567
1609130522026 0.4676070809364319 1616
1609130561971 0.45929527282714844 1665
1609130602066 0.4798905849456787 1714
1609130642682 0.4426349699497223 1763
1609130681503 0.45396724343299866 1812
1609130723063 0.4337424337863922 1861
1609130763042 0.435987263917923 1910
1609130803640 0.43931251764297485 1959
1609130844128 0.4488031268119812 2008
1609130883654 0.4623643755912781 2057
1609130923327 0.469912052154541 2106
1609130963714 0.4758901596069336 2155
1609131004563 0.5152899622917175 2204
1609131045050 0.550209641456604 2253
1609131085237 0.553713321685791 2302
1609131125238 0.5589438676834106 2351
1609131164699 0.5642854571342468 2400
1609131205591 0.5769599080085754 2449
