1609079959666 1.316252589225769 48
1609079992121 1.18618643283844 97
1609080025307 1.1017299890518188 146
1609080058332 1.0709247589111328 195
1609080091482 1.0149823427200317 244
1609080124679 0.9940761923789978 293
1609080158409 0.9320072531700134 342
1609080191660 0.88489830493927 391
1609080224690 0.8392317295074463 440
1609080257688 0.8062925338745117 489
1609080290543 0.8079162836074829 538
1609080324288 0.8248081207275391 587
1609080357315 0.8144935965538025 636
1609080390390 0.8365734815597534 685
1609080423331 0.8284587860107422 734
1609080455860 0.8624050617218018 783
1609080488778 0.8506907224655151 832
1609080521637 0.8487815260887146 881
1609080554826 0.8383203744888306 930
1609080588738 0.8365858197212219 979
1609080621434 0.7832736372947693 1028
1609080654272 0.789580225944519 1077
1609080687120 0.7454864382743835 1126
1609080720047 0.7086318135261536 1175
1609080753365 0.6263414621353149 1224
1609080786798 0.6003893613815308 1273
1609080820315 0.5476583242416382 1322
1609080853661 0.5107716917991638 1371
1609080887151 0.4749843180179596 1420
1609080920886 0.4612559676170349 1469
1609080953971 0.45730310678482056 1518
1609080987396 0.4604935646057129 1567
1609081020280 0.4495069086551666 1616
1609081053112 0.4513169527053833 1665
1609081086213 0.4662366807460785 1714
1609081119009 0.5524395704269409 1763
1609081151779 0.5612189769744873 1812
1609081184817 0.5754925012588501 1861
1609081217713 0.621314525604248 1910
1609081250595 0.6048410534858704 1959
1609081283582 0.5968672633171082 2008
1609081316568 0.5539484024047852 2057
1609081349423 0.535961925983429 2106
1609081382104 0.45244500041007996 2155
1609081414850 0.40030908584594727 2204
1609081448215 0.35724368691444397 2253
1609081481322 0.31447261571884155 2302
1609081514295 0.27503347396850586 2351
1609081547162 0.2684730887413025 2400
1609081580097 0.24919620156288147 2449
1609081613147 0.24357597529888153 2498
1609081646146 0.23299530148506165 2547
1609081679435 0.24212348461151123 2596
1609081712239 0.2412274032831192 2645
1609081745281 0.28213444352149963 2694
1609081778182 0.314881831407547 2743
1609081811807 0.34272944927215576 2792
1609081844735 0.35532379150390625 2841
1609081877650 0.4565803110599518 2890
1609081910490 0.46722814440727234 2939
1609081943636 0.401150107383728 2988
1609081977044 0.3480716347694397 3037
1609082010188 0.41220223903656006 3086
1609082043243 0.33283284306526184 3135
1609082076600 0.2841363251209259 3184
1609082109410 0.22264805436134338 3233
1609082142086 0.21184605360031128 3282
1609082175181 0.17436426877975464 3331
1609082208433 0.15154117345809937 3380
1609082241376 0.1449792981147766 3429
1609082274203 0.1377028077840805 3478
1609082307300 0.14450696110725403 3527
1609082340353 0.14436659216880798 3576
1609082373511 0.14020028710365295 3625
1609082406334 0.14780007302761078 3674
1609082439066 0.1677762120962143 3723
1609082471823 0.2547084391117096 3772
1609082504675 0.33643490076065063 3821
1609082537435 0.2990264296531677 3870
1609082570807 0.292754590511322 3919
1609082604110 0.3479357063770294 3968
1609082637064 0.2699791193008423 4017
1609082670145 0.23718789219856262 4066
1609082702911 0.21152450144290924 4115
1609082736195 0.19879396259784698 4164
1609082769122 0.1647060066461563 4213
1609082802376 0.12075018882751465 4262
1609082835293 0.10225605964660645 4311
1609082868677 0.09802068024873734 4360
1609082901707 0.08375763148069382 4409
1609082934927 0.08613281697034836 4458
1609082967580 0.08569176495075226 4507
1609083000559 0.08663725107908249 4556
1609083033846 0.08259336650371552 4605
1609083066476 0.09519381821155548 4654
1609083099350 0.10068096220493317 4703
1609083132145 0.169976606965065 4752
1609083165199 0.2275114208459854 4801
1609083198299 0.1996529996395111 4850
1609083231408 0.27748677134513855 4899
