1609403333641 0 48
1609403333650 0 48
1609403363431 1 97
1609403363442 1 97
1609403393554 2 146
1609403393562 2 146
1609403423479 3 195
1609403423490 3 195
1609403453617 4 244
1609403453625 4 244
1609403483952 5 293
1609403483960 5 293
1609403514188 6 342
1609403514196 6 342
1609403544619 7 391
1609403544628 7 391
1609403574908 8 440
1609403574917 8 440
1609403605200 9 489
1609403605209 9 489
1609403634955 10 538
1609403634965 10 538
1609403664763 11 587
1609403664774 11 587
1609403694898 12 636
1609403694909 12 636
1609403724721 13 685
1609403724731 13 685
1609403754434 14 734
1609403754444 14 734
1609403784228 15 783
1609403784236 15 783
1609403814140 16 832
1609403814150 16 832
1609403843839 17 881
1609403843851 17 881
1609403873832 18 930
1609403873839 18 930
1609403903691 19 979
1609403903702 19 979
1609403933421 20 1028
1609403933432 20 1028
1609403963138 21 1077
1609403963148 21 1077
1609403992978 22 1126
1609403992986 22 1126
1609404022682 23 1175
1609404022693 23 1175
1609404053052 24 1224
1609404053060 24 1224
1609404083379 25 1273
1609404083387 25 1273
1609404113482 26 1322
1609404113490 26 1322
1609404143619 27 1371
1609404143627 27 1371
1609404173902 28 1420
1609404173911 28 1420
1609404204202 29 1469
1609404204211 29 1469
