1609503588826 3.141889810562134 48
1609503623794 2.982959032058716 97
1609503658943 2.9349541664123535 146
1609503694108 2.862985372543335 195
1609503729233 2.7476351261138916 244
1609503764773 2.5894317626953125 293
1609503800280 2.457685708999634 342
1609503835530 2.302255630493164 391
1609503870873 2.145928382873535 440
1609503906073 2.067979574203491 489
1609503940828 2.0305397510528564 538
1609503975395 2.0763590335845947 587
1609504010318 2.061284065246582 636
1609504045541 2.0666210651397705 685
1609504080214 2.0959959030151367 734
1609504115473 2.1351206302642822 783
1609504150230 2.1412100791931152 832
1609504185427 2.189380407333374 881
1609504219896 2.109210729598999 930
1609504254503 2.1365485191345215 979
1609504289195 2.1177256107330322 1028
1609504323879 1.996934175491333 1077
1609504358471 1.9555168151855469 1126
1609504393510 1.8020265102386475 1175
1609504428462 1.7016351222991943 1224
1609504463445 1.574153184890747 1273
1609504498347 1.4383126497268677 1322
1609504532828 1.3380554914474487 1371
1609504567793 1.184051275253296 1420
1609504603930 1.161637544631958 1469
1609504639345 1.0915075540542603 1518
1609504675175 1.1230536699295044 1567
1609504710687 1.112166404724121 1616
1609504745602 1.13138747215271 1665
1609504780425 1.2139798402786255 1714
1609504815352 1.3130406141281128 1763
1609504850394 1.3732401132583618 1812
1609504884878 1.4024697542190552 1861
1609504919994 1.4423513412475586 1910
1609504954539 1.34238862991333 1959
