1609334620058 0 48
1609334620076 0 48
1609334653248 1 97
1609334653268 1 97
1609334686558 2 146
1609334686577 2 146
1609334719690 3 195
1609334719707 3 195
1609334752331 4 244
1609334752350 4 244
1609334785348 5 293
1609334785366 5 293
1609334818393 6 342
1609334818411 6 342
1609334851399 7 391
1609334851417 7 391
1609334884406 8 440
1609334884424 8 440
1609334917423 9 489
1609334917441 9 489
1609334949997 10 538
1609334950017 10 538
1609334983155 11 587
1609334983173 11 587
1609335015670 12 636
1609335015699 12 636
1609335048384 13 685
1609335048404 13 685
1609335081223 14 734
1609335081244 14 734
1609335113963 15 783
1609335113986 15 783
1609335146513 16 832
1609335146535 16 832
1609335179269 17 881
1609335179290 17 881
1609335211729 18 930
1609335211749 18 930
1609335244376 19 979
1609335244395 19 979
1609335276661 20 1028
1609335276679 20 1028
1609335309232 21 1077
1609335309255 21 1077
1609335341728 22 1126
1609335341748 22 1126
1609335374575 23 1175
1609335374594 23 1175
1609335407714 24 1224
1609335407734 24 1224
1609335440266 25 1273
1609335440288 25 1273
1609335473241 26 1322
1609335473261 26 1322
1609335506240 27 1371
1609335506258 27 1371
1609335539128 28 1420
1609335539146 28 1420
1609335572121 29 1469
1609335572139 29 1469
