1609667918649 0 48
1609667918658 0 48
1609668000576 1 97
1609668000586 1 97
1609668082657 2 146
1609668082670 2 146
1609668165817 3 195
1609668165826 3 195
1609668249316 4 244
1609668249325 4 244
1609668332356 5 293
1609668332365 5 293
1609668413798 6 342
1609668413808 6 342
1609668496477 7 391
1609668496486 7 391
1609668578925 8 440
1609668578933 8 440
1609668661598 9 489
1609668661607 9 489
1609668743375 10 538
1609668743385 10 538
1609668825900 11 587
1609668825909 11 587
1609668908535 12 636
1609668908544 12 636
1609668990835 13 685
1609668990849 13 685
1609669073794 14 734
1609669073805 14 734
1609669155889 15 783
1609669155902 15 783
1609669238171 16 832
1609669238181 16 832
1609669322082 17 881
1609669322091 17 881
1609669405336 18 930
1609669405348 18 930
1609669488391 19 979
1609669488400 19 979
1609669570473 20 1028
1609669570482 20 1028
1609669652367 21 1077
1609669652375 21 1077
1609669735253 22 1126
1609669735262 22 1126
1609669817288 23 1175
1609669817298 23 1175
1609669899982 24 1224
1609669899992 24 1224
1609669983025 25 1273
1609669983034 25 1273
1609670065644 26 1322
1609670065654 26 1322
1609670149036 27 1371
1609670149045 27 1371
1609670231409 28 1420
1609670231418 28 1420
1609670314750 29 1469
1609670314760 29 1469
