1609610844070 2.9882917404174805 48
1609610935786 2.7140448093414307 97
1609611028674 2.50260329246521 146
1609611120529 2.275047779083252 195
1609611213355 2.0493314266204834 244
1609611306430 1.9084515571594238 293
1609611400060 1.6411794424057007 342
1609611492990 1.4330581426620483 391
1609611585476 1.2393858432769775 440
1609611678471 1.2015200853347778 489
1609611769167 1.1225029230117798 538
1609611861682 1.106488585472107 587
1609611953051 1.144296646118164 636
1609612044775 1.1651989221572876 685
1609612136831 1.2916346788406372 734
1609612230345 1.321393370628357 783
1609612323650 1.3568458557128906 832
1609612416643 1.4633058309555054 881
1609612508353 1.491001009941101 930
1609612599778 1.427310824394226 979
1609612690338 1.417607307434082 1028
1609612783532 1.2588646411895752 1077
1609612874873 1.2271687984466553 1126
1609612966647 1.0797920227050781 1175
1609613059028 0.9438840746879578 1224
1609613151726 0.7677874565124512 1273
1609613244030 0.6360998749732971 1322
1609613336854 0.48321789503097534 1371
1609613429197 0.44723114371299744 1420
1609613520591 0.39099541306495667 1469
