1609079959666 0.2189054638147354 48
1609079992121 0.2601822316646576 97
1609080025307 0.28404316306114197 146
1609080058332 0.31164681911468506 195
1609080091482 0.33887022733688354 244
1609080124679 0.3513794541358948 293
1609080158409 0.37166476249694824 342
1609080191660 0.40154537558555603 391
1609080224690 0.44483038783073425 440
1609080257688 0.44448423385620117 489
1609080290543 0.45518818497657776 538
1609080324288 0.44084417819976807 587
1609080357315 0.4471738636493683 636
1609080390390 0.4475642740726471 685
1609080423331 0.4263863265514374 734
1609080455860 0.4342287480831146 783
1609080488778 0.4467862844467163 832
1609080521637 0.4452289640903473 881
1609080554826 0.4657982289791107 930
1609080588738 0.46237918734550476 979
1609080621434 0.48360323905944824 1028
1609080654272 0.507645308971405 1077
1609080687120 0.5161609053611755 1126
1609080720047 0.5254108309745789 1175
1609080753365 0.5815041661262512 1224
1609080786798 0.5969132781028748 1273
1609080820315 0.6287391781806946 1322
1609080853661 0.658368706703186 1371
1609080887151 0.6852236986160278 1420
1609080920886 0.6981335878372192 1469
1609080953971 0.6974065899848938 1518
1609080987396 0.6890038251876831 1567
1609081020280 0.7005057334899902 1616
1609081053112 0.7016163468360901 1665
1609081086213 0.677089512348175 1714
1609081119009 0.6406000852584839 1763
1609081151779 0.6525763273239136 1812
1609081184817 0.6289412379264832 1861
1609081217713 0.6163758635520935 1910
1609081250595 0.6150429248809814 1959
1609081283582 0.6183050870895386 2008
1609081316568 0.653088390827179 2057
1609081349423 0.6654786467552185 2106
1609081382104 0.7101879119873047 2155
1609081414850 0.7292845249176025 2204
1609081448215 0.7481000423431396 2253
1609081481322 0.7764968276023865 2302
1609081514295 0.8078176975250244 2351
1609081547162 0.81120765209198 2400
1609081580097 0.8284591436386108 2449
1609081613147 0.8387653827667236 2498
1609081646146 0.8392908573150635 2547
1609081679435 0.8282121419906616 2596
1609081712239 0.8343731164932251 2645
1609081745281 0.8025249242782593 2694
1609081778182 0.7948612570762634 2743
1609081811807 0.7814041376113892 2792
1609081844735 0.7861780524253845 2841
1609081877650 0.7213742136955261 2890
1609081910490 0.7132972478866577 2939
1609081943636 0.7540228962898254 2988
1609081977044 0.7806362509727478 3037
1609082010188 0.7552129030227661 3086
1609082043243 0.7961134314537048 3135
1609082076600 0.8219777941703796 3184
1609082109410 0.8534663319587708 3233
1609082142086 0.854288637638092 3282
1609082175181 0.8897445201873779 3331
1609082208433 0.903819739818573 3380
1609082241376 0.9048891067504883 3429
1609082274203 0.9072214365005493 3478
1609082307300 0.9009124636650085 3527
1609082340353 0.8990671634674072 3576
1609082373511 0.9097216129302979 3625
1609082406334 0.901481568813324 3674
1609082439066 0.8881878852844238 3723
1609082471823 0.8395127654075623 3772
1609082504675 0.8071485161781311 3821
1609082537435 0.8131000399589539 3870
1609082570807 0.8339784741401672 3919
1609082604110 0.7935463786125183 3968
1609082637064 0.8289427757263184 4017
1609082670145 0.8580818772315979 4066
1609082702911 0.866388201713562 4115
1609082736195 0.8671835660934448 4164
1609082769122 0.9060761332511902 4213
1609082802376 0.9145169854164124 4262
1609082835293 0.9321542978286743 4311
1609082868677 0.9428828954696655 4360
1609082901707 0.9414305090904236 4409
1609082934927 0.9407821893692017 4458
1609082967580 0.9389737844467163 4507
1609083000559 0.9428355693817139 4556
1609083033846 0.9483363628387451 4605
1609083066476 0.9366814494132996 4654
1609083099350 0.9407736659049988 4703
1609083132145 0.8958451747894287 4752
1609083165199 0.8672685623168945 4801
1609083198299 0.8877161145210266 4850
1609083231408 0.8470970392227173 4899
