1609165142070 0.2588959038257599 48
1609165175652 0.3500651717185974 97
1609165209309 0.435244619846344 146
1609165242889 0.48555952310562134 195
1609165276531 0.568830668926239 244
1609165310065 0.6185293793678284 293
1609165343576 0.6684178113937378 342
1609165377284 0.7335718274116516 391
1609165410844 0.7812087535858154 440
1609165444565 0.7961883544921875 489
1609165477762 0.8025084137916565 538
1609165511514 0.8041900396347046 587
1609165544660 0.8058140873908997 636
1609165577946 0.7939356565475464 685
1609165611153 0.7703749537467957 734
1609165644340 0.7698171138763428 783
1609165677659 0.7690138220787048 832
1609165710976 0.751381516456604 881
1609165744265 0.7467421293258667 930
1609165777540 0.7756044864654541 979
1609165810829 0.772585391998291 1028
1609165844095 0.7936187386512756 1077
1609165877401 0.8282559514045715 1126
1609165910596 0.8539530038833618 1175
1609165943867 0.8804463744163513 1224
1609165977551 0.8952566385269165 1273
1609166011127 0.9158453941345215 1322
1609166044462 0.9241076111793518 1371
1609166078182 0.937457799911499 1420
1609166111442 0.9480313658714294 1469
