1609700427433 0 48
1609700427442 0 48
1609700510791 1 97
1609700510800 1 97
1609700592641 2 146
1609700592651 2 146
1609700675484 3 195
1609700675493 3 195
1609700758558 4 244
1609700758567 4 244
1609700840801 5 293
1609700840810 5 293
1609700924259 6 342
1609700924268 6 342
1609701006648 7 391
1609701006657 7 391
1609701088540 8 440
1609701088549 8 440
1609701171470 9 489
1609701171479 9 489
1609701253057 10 538
1609701253065 10 538
1609701335737 11 587
1609701335746 11 587
1609701416943 12 636
1609701416956 12 636
1609701499103 13 685
1609701499113 13 685
1609701582008 14 734
1609701582021 14 734
1609701663320 15 783
1609701663333 15 783
1609701745191 16 832
1609701745202 16 832
1609701826747 17 881
1609701826760 17 881
1609701908284 18 930
1609701908297 18 930
1609701990319 19 979
1609701990328 19 979
1609702072291 20 1028
1609702072304 20 1028
1609702153889 21 1077
1609702153900 21 1077
1609702235742 22 1126
1609702235753 22 1126
1609702316953 23 1175
1609702316964 23 1175
1609702400327 24 1224
1609702400336 24 1224
1609702483240 25 1273
1609702483248 25 1273
1609702565858 26 1322
1609702565868 26 1322
1609702648812 27 1371
1609702648821 27 1371
1609702732191 28 1420
1609702732200 28 1420
1609702813466 29 1469
1609702813477 29 1469
