1609351473043 0 48
1609351473061 0 48
1609351506772 1 97
1609351506790 1 97
1609351540846 2 146
1609351540864 2 146
1609351574654 3 195
1609351574674 3 195
1609351608622 4 244
1609351608640 4 244
1609351642061 5 293
1609351642082 5 293
1609351675796 6 342
1609351675815 6 342
1609351709640 7 391
1609351709658 7 391
1609351743625 8 440
1609351743644 8 440
1609351777637 9 489
1609351777655 9 489
1609351811340 10 538
1609351811359 10 538
1609351845048 11 587
1609351845066 11 587
1609351878823 12 636
1609351878841 12 636
1609351912582 13 685
1609351912600 13 685
1609351945850 14 734
1609351945871 14 734
1609351979262 15 783
1609351979287 15 783
1609352012692 16 832
1609352012710 16 832
1609352045975 17 881
1609352045994 17 881
1609352079204 18 930
1609352079225 18 930
1609352112876 19 979
1609352112896 19 979
1609352146125 20 1028
1609352146143 20 1028
1609352179421 21 1077
1609352179439 21 1077
1609352212724 22 1126
1609352212742 22 1126
1609352246053 23 1175
1609352246075 23 1175
1609352279406 24 1224
1609352279424 24 1224
1609352312709 25 1273
1609352312728 25 1273
1609352346427 26 1322
1609352346446 26 1322
1609352380343 27 1371
1609352380361 27 1371
1609352414153 28 1420
1609352414171 28 1420
1609352447829 29 1469
1609352447847 29 1469
