1609129233329 0 48
1609129233339 0 48
1609129273684 1 97
1609129273694 1 97
1609129315274 2 146
1609129315284 2 146
1609129354597 3 195
1609129354608 3 195
1609129394157 4 244
1609129394167 4 244
1609129434646 5 293
1609129434656 5 293
1609129473558 6 342
1609129473568 6 342
1609129514801 7 391
1609129514812 7 391
1609129554669 8 440
1609129554682 8 440
1609129595956 9 489
1609129595966 9 489
1609129635660 10 538
1609129635675 10 538
1609129674524 11 587
1609129674535 11 587
1609129713740 12 636
1609129713750 12 636
1609129754163 13 685
1609129754173 13 685
1609129795238 14 734
1609129795248 14 734
1609129834586 15 783
1609129834596 15 783
1609129875520 16 832
1609129875532 16 832
1609129916470 17 881
1609129916482 17 881
1609129955536 18 930
1609129955546 18 930
1609129995445 19 979
1609129995456 19 979
1609130036529 20 1028
1609130036539 20 1028
1609130076304 21 1077
1609130076314 21 1077
1609130116684 22 1126
1609130116694 22 1126
1609130156238 23 1175
1609130156248 23 1175
1609130198507 24 1224
1609130198519 24 1224
1609130239431 25 1273
1609130239441 25 1273
1609130280171 26 1322
1609130280182 26 1322
1609130320385 27 1371
1609130320396 27 1371
1609130359792 28 1420
1609130359802 28 1420
1609130401648 29 1469
1609130401659 29 1469
1609130442118 30 1518
1609130442129 30 1518
1609130482594 31 1567
1609130482606 31 1567
1609130522016 32 1616
1609130522026 32 1616
1609130561960 33 1665
1609130561971 33 1665
1609130602053 34 1714
1609130602066 34 1714
1609130642672 35 1763
1609130642682 35 1763
1609130681493 36 1812
1609130681503 36 1812
1609130723049 37 1861
1609130723063 37 1861
1609130763032 38 1910
1609130763042 38 1910
1609130803627 39 1959
1609130803640 39 1959
1609130844116 40 2008
1609130844128 40 2008
1609130883641 41 2057
1609130883654 41 2057
1609130923316 42 2106
1609130923327 42 2106
1609130963702 43 2155
1609130963714 43 2155
1609131004554 44 2204
1609131004563 44 2204
1609131045040 45 2253
1609131045050 45 2253
1609131085225 46 2302
1609131085237 46 2302
1609131125228 47 2351
1609131125238 47 2351
1609131164690 48 2400
1609131164699 48 2400
1609131205579 49 2449
1609131205591 49 2449
