1609430918051 3.0519227981567383 48
1609430951972 2.829338312149048 97
1609430985769 2.713179349899292 146
1609431019571 2.5401265621185303 195
1609431053338 2.3686282634735107 244
1609431087079 2.2491164207458496 293
1609431120778 2.041947603225708 342
1609431154519 1.8915081024169922 391
1609431188248 1.736605167388916 440
1609431222219 1.7312564849853516 489
1609431255963 1.7080776691436768 538
1609431289917 1.6649407148361206 587
1609431323792 1.7000242471694946 636
1609431357359 1.676215648651123 685
1609431390979 1.7119156122207642 734
1609431424445 1.7184622287750244 783
1609431457863 1.791243076324463 832
1609431491279 1.891016960144043 881
1609431524729 1.8859407901763916 930
1609431558349 1.783591628074646 979
1609431591683 1.8276528120040894 1028
1609431625347 1.7671712636947632 1077
1609431658859 1.5931711196899414 1126
1609431692584 1.563892126083374 1175
1609431726575 1.457275152206421 1224
1609431760548 1.2386068105697632 1273
1609431794559 1.1149606704711914 1322
1609431828619 1.0278282165527344 1371
1609431862384 0.9507611393928528 1420
1609431896209 0.8107298016548157 1469
1609431930264 0.8334944844245911 1518
1609431964192 0.8596926927566528 1567
1609431997746 0.7718084454536438 1616
1609432031324 0.7994762659072876 1665
1609432064748 0.8388645648956299 1714
1609432098216 1.0730998516082764 1763
1609432131747 1.0868523120880127 1812
1609432165109 1.2227591276168823 1861
1609432198593 1.2835584878921509 1910
1609432232079 1.265289306640625 1959
