1609403333650 3.054776191711426 48
1609403363442 2.8760483264923096 97
1609403393562 2.6795077323913574 146
1609403423490 2.516303300857544 195
1609403453625 2.3943369388580322 244
1609403483960 2.1814351081848145 293
1609403514196 2.015838384628296 342
1609403544628 1.9412437677383423 391
1609403574917 1.7300708293914795 440
1609403605209 1.8780121803283691 489
1609403634965 1.6686179637908936 538
1609403664774 1.7772793769836426 587
1609403694909 1.7372548580169678 636
1609403724731 1.826604962348938 685
1609403754444 1.8387340307235718 734
1609403784236 1.8528754711151123 783
1609403814150 1.9274721145629883 832
1609403843851 1.9992610216140747 881
1609403873839 1.94062077999115 930
1609403903702 1.9663399457931519 979
1609403933432 1.7720760107040405 1028
1609403963148 1.8346059322357178 1077
1609403992986 1.8232976198196411 1126
1609404022693 1.7391480207443237 1175
1609404053060 1.4610825777053833 1224
1609404083387 1.4231618642807007 1273
1609404113490 1.219624638557434 1322
1609404143627 1.1762241125106812 1371
1609404173911 1.1070334911346436 1420
1609404204211 1.0744527578353882 1469
