1609146541425 1.3595075607299805 48
1609146574511 1.2941642999649048 97
1609146608144 1.2105127573013306 146
1609146641283 1.1864873170852661 195
1609146674391 1.1534816026687622 244
1609146707683 1.1915510892868042 293
1609146741244 1.1286746263504028 342
1609146775075 1.1096291542053223 391
1609146808984 1.0792462825775146 440
1609146842144 1.080155372619629 489
1609146875334 1.05839204788208 538
1609146908683 1.0548396110534668 587
1609146942366 1.066774606704712 636
1609146975640 1.044677495956421 685
1609147008952 1.0719386339187622 734
1609147042155 1.0697941780090332 783
1609147075865 1.075668215751648 832
1609147109095 1.0925291776657104 881
1609147142272 1.0688989162445068 930
1609147175920 1.029554843902588 979
1609147209206 1.0669687986373901 1028
1609147242494 1.0748608112335205 1077
1609147275843 1.0185120105743408 1126
1609147309266 1.001279354095459 1175
1609147343033 0.958027184009552 1224
1609147376704 0.9370970129966736 1273
1609147410409 0.9103107452392578 1322
1609147444257 0.8812102675437927 1371
1609147478001 0.8523273468017578 1420
1609147511775 0.8441088199615479 1469
1609147544954 0.8424045443534851 1518
1609147578398 0.8431866765022278 1567
1609147612041 0.8361028432846069 1616
1609147645451 0.857647180557251 1665
1609147679386 0.8425437808036804 1714
1609147712771 0.8984071016311646 1763
1609147746068 0.8688974976539612 1812
1609147779315 0.9006720781326294 1861
1609147812482 0.9134647250175476 1910
1609147845911 0.8801696300506592 1959
1609147879250 0.902769923210144 2008
1609147912435 0.8699487447738647 2057
1609147945820 0.8181788325309753 2106
1609147979032 0.8026599287986755 2155
1609148012231 0.7646411657333374 2204
1609148045510 0.776788592338562 2253
1609148079422 0.723425567150116 2302
1609148113223 0.7241081595420837 2351
1609148146862 0.6440936326980591 2400
1609148180164 0.6448495388031006 2449
1609148213937 0.6495734453201294 2498
1609148247641 0.6290503144264221 2547
1609148281359 0.6395534873008728 2596
1609148314921 0.6636316776275635 2645
1609148348256 0.6880374550819397 2694
1609148381432 0.6991639137268066 2743
1609148414679 0.7090723514556885 2792
1609148447945 0.7241948246955872 2841
1609148481300 0.8216853141784668 2890
1609148514518 0.7305530309677124 2939
1609148547793 0.7451366782188416 2988
1609148581093 0.727875828742981 3037
1609148614373 0.7087606191635132 3086
1609148647837 0.6789273619651794 3135
1609148681677 0.6425793766975403 3184
1609148715104 0.6137292981147766 3233
1609148748795 0.5971496105194092 3282
1609148782631 0.5404285788536072 3331
1609148816347 0.5481072068214417 3380
1609148850067 0.4967179298400879 3429
1609148883922 0.4861743450164795 3478
1609148917272 0.5123739838600159 3527
1609148950531 0.5283321738243103 3576
1609148983899 0.49706125259399414 3625
1609149017609 0.5180168151855469 3674
1609149050954 0.5353569984436035 3723
1609149084635 0.558512806892395 3772
1609149117906 0.5957414507865906 3821
1609149151388 0.6213141679763794 3870
1609149184827 0.6553324460983276 3919
1609149218252 0.5945051908493042 3968
1609149251525 0.602046012878418 4017
1609149284827 0.5637622475624084 4066
1609149318082 0.5572887659072876 4115
1609149351509 0.4933154284954071 4164
1609149385269 0.4733069837093353 4213
1609149418596 0.4159110486507416 4262
1609149452366 0.4178430438041687 4311
1609149486249 0.3993142545223236 4360
1609149519596 0.40771785378456116 4409
1609149553331 0.3700729310512543 4458
1609149586702 0.3678857386112213 4507
1609149620592 0.38537171483039856 4556
1609149653976 0.38061293959617615 4605
1609149687274 0.4051663875579834 4654
1609149720637 0.46239012479782104 4703
1609149754003 0.4634624421596527 4752
1609149787346 0.4924299418926239 4801
1609149820643 0.4956638514995575 4850
1609149853905 0.5007466077804565 4899
