1609400455711 3.1022748947143555 48
1609400485571 2.8976032733917236 97
1609400515512 2.778883457183838 146
1609400545547 2.6161270141601562 195
1609400575551 2.43049955368042 244
1609400605531 2.3450839519500732 293
1609400635503 2.212834596633911 342
1609400665538 2.1250362396240234 391
1609400695514 1.9342312812805176 440
1609400725388 1.919463872909546 489
1609400755332 1.8796907663345337 538
1609400785148 1.8922439813613892 587
1609400814711 1.9268394708633423 636
1609400844296 1.941516399383545 685
1609400873861 2.069514751434326 734
1609400903482 2.0584471225738525 783
1609400933199 2.073746919631958 832
1609400962746 2.1017119884490967 881
1609400992345 2.1457762718200684 930
1609401021939 2.067514181137085 979
1609401051537 2.0006330013275146 1028
1609401081166 1.9942508935928345 1077
1609401110847 1.774595022201538 1126
1609401140324 1.8386344909667969 1175
1609401169950 1.7314937114715576 1224
1609401199905 1.5815504789352417 1273
1609401229950 1.4353009462356567 1322
1609401260040 1.093328595161438 1371
1609401290083 1.3182908296585083 1420
1609401319971 1.28622305393219 1469
