1609331392560 0 48
1609331392571 0 48
1609331425854 1 97
1609331425864 1 97
1609331459207 2 146
1609331459217 2 146
1609331492328 3 195
1609331492339 3 195
1609331525739 4 244
1609331525750 4 244
1609331558408 5 293
1609331558420 5 293
1609331591560 6 342
1609331591572 6 342
1609331624261 7 391
1609331624275 7 391
1609331657422 8 440
1609331657433 8 440
1609331690553 9 489
1609331690564 9 489
1609331723605 10 538
1609331723615 10 538
1609331756727 11 587
1609331756737 11 587
1609331789512 12 636
1609331789525 12 636
1609331822313 13 685
1609331822325 13 685
1609331855099 14 734
1609331855116 14 734
1609331887737 15 783
1609331887750 15 783
1609331920559 16 832
1609331920571 16 832
1609331953361 17 881
1609331953375 17 881
1609331986428 18 930
1609331986442 18 930
1609332019801 19 979
1609332019811 19 979
1609332052373 20 1028
1609332052384 20 1028
1609332084876 21 1077
1609332084892 21 1077
1609332117640 22 1126
1609332117653 22 1126
1609332150351 23 1175
1609332150365 23 1175
1609332183373 24 1224
1609332183384 24 1224
1609332216594 25 1273
1609332216605 25 1273
1609332250206 26 1322
1609332250217 26 1322
1609332283232 27 1371
1609332283243 27 1371
1609332316473 28 1420
1609332316484 28 1420
1609332349465 29 1469
1609332349476 29 1469
