1609607673754 0.22919641435146332 48
1609607764707 0.2937498688697815 97
1609607855990 0.35913437604904175 146
1609607947391 0.37760698795318604 195
1609608037573 0.4113181233406067 244
1609608129891 0.4282669126987457 293
1609608220980 0.47508689761161804 342
1609608312485 0.5096852779388428 391
1609608404377 0.543631374835968 440
1609608495262 0.5614227652549744 489
1609608587866 0.5862765312194824 538
1609608679012 0.568455696105957 587
1609608769191 0.5748671889305115 636
1609608860198 0.5584303736686707 685
1609608951483 0.5661323070526123 734
1609609043437 0.5520463585853577 783
1609609133450 0.5495575666427612 832
1609609223611 0.5457912087440491 881
1609609314474 0.5777615904808044 930
1609609406424 0.5835569500923157 979
1609609497553 0.6115139126777649 1028
1609609588596 0.6095939874649048 1077
1609609681059 0.6410111784934998 1126
1609609772522 0.6591810584068298 1175
1609609864456 0.6998176574707031 1224
1609609956131 0.714566171169281 1273
1609610048924 0.7461042404174805 1322
1609610141066 0.7773646712303162 1371
1609610236419 0.7944755554199219 1420
1609610328118 0.8127779960632324 1469
