1609432354560 0.23097267746925354 48
1609432388562 0.2773079574108124 97
1609432421994 0.33444908261299133 146
1609432455854 0.34294041991233826 195
1609432489812 0.42086008191108704 244
1609432523575 0.4507768452167511 293
1609432557352 0.46286457777023315 342
1609432591128 0.5026667714118958 391
1609432625073 0.5455881357192993 440
1609432658977 0.53013014793396 489
1609432692398 0.5760819911956787 538
1609432726285 0.5590376853942871 587
1609432759593 0.5708132982254028 636
1609432793151 0.574502170085907 685
1609432826469 0.5408942103385925 734
1609432859679 0.518175482749939 783
1609432892953 0.5380963087081909 832
1609432926214 0.5344734191894531 881
1609432959546 0.5376537442207336 930
1609432993001 0.5929855108261108 979
1609433026515 0.6093761920928955 1028
1609433059659 0.5819394588470459 1077
1609433093181 0.5932350754737854 1126
1609433126965 0.6463063955307007 1175
1609433160774 0.5716787576675415 1224
1609433194383 0.7137922048568726 1273
1609433228145 0.7094922661781311 1322
1609433262151 0.6558002829551697 1371
1609433295974 0.7735128998756409 1420
1609433329928 0.7240011692047119 1469
1609433363680 0.7122660875320435 1518
1609433397143 0.7349599599838257 1567
1609433430460 0.7787308692932129 1616
1609433463810 0.7727352380752563 1665
1609433497366 0.7220184206962585 1714
1609433530896 0.6674621105194092 1763
1609433564350 0.7014517784118652 1812
1609433597880 0.6605076789855957 1861
1609433631372 0.6941163539886475 1910
1609433664975 0.586214542388916 1959
