1609476028871 0 48
1609476028880 0 48
1609476061736 1 97
1609476061746 1 97
1609476094981 2 146
1609476094991 2 146
1609476128258 3 195
1609476128268 3 195
1609476161289 4 244
1609476161299 4 244
1609476194786 5 293
1609476194796 5 293
1609476228066 6 342
1609476228079 6 342
1609476261640 7 391
1609476261651 7 391
1609476295148 8 440
1609476295158 8 440
1609476328546 9 489
1609476328556 9 489
1609476361691 10 538
1609476361704 10 538
1609476395048 11 587
1609476395058 11 587
1609476428044 12 636
1609476428054 12 636
1609476461059 13 685
1609476461070 13 685
1609476494023 14 734
1609476494033 14 734
1609476526996 15 783
1609476527008 15 783
1609476560032 16 832
1609476560042 16 832
1609476593229 17 881
1609476593239 17 881
1609476626332 18 930
1609476626345 18 930
1609476659307 19 979
1609476659320 19 979
1609476692294 20 1028
1609476692304 20 1028
1609476725292 21 1077
1609476725303 21 1077
1609476758263 22 1126
1609476758273 22 1126
1609476791715 23 1175
1609476791725 23 1175
1609476824621 24 1224
1609476824633 24 1224
1609476858345 25 1273
1609476858356 25 1273
1609476891767 26 1322
1609476891778 26 1322
1609476925315 27 1371
1609476925326 27 1371
1609476958857 28 1420
1609476958867 28 1420
1609476992269 29 1469
1609476992280 29 1469
1609477025784 30 1518
1609477025795 30 1518
1609477058786 31 1567
1609477058799 31 1567
1609477091879 32 1616
1609477091889 32 1616
1609477124924 33 1665
1609477124934 33 1665
1609477157975 34 1714
1609477157987 34 1714
1609477190903 35 1763
1609477190914 35 1763
1609477224004 36 1812
1609477224018 36 1812
1609477257001 37 1861
1609477257014 37 1861
1609477289961 38 1910
1609477289971 38 1910
1609477322914 39 1959
1609477322924 39 1959
