1609348174551 0.23039059340953827 48
1609348208436 0.26068517565727234 97
1609348242249 0.31013935804367065 146
1609348275563 0.3334910571575165 195
1609348309393 0.35363292694091797 244
1609348343211 0.39182600378990173 293
1609348377180 0.4136987328529358 342
1609348411233 0.43394574522972107 391
1609348444979 0.45404520630836487 440
1609348478763 0.48474425077438354 489
1609348512531 0.4804253876209259 538
1609348546421 0.4891139268875122 587
1609348580175 0.4836731553077698 636
1609348613492 0.49403098225593567 685
1609348646899 0.471684992313385 734
1609348680279 0.4634389281272888 783
1609348713810 0.4736309349536896 832
1609348747207 0.4786410629749298 881
1609348780785 0.48563775420188904 930
1609348814169 0.49073854088783264 979
1609348847580 0.5090126395225525 1028
1609348881379 0.5363314151763916 1077
1609348915349 0.565619170665741 1126
1609348949170 0.5919173359870911 1175
1609348983468 0.6358650326728821 1224
1609349017283 0.6470537781715393 1273
1609349051445 0.6776489019393921 1322
1609349085370 0.7333638072013855 1371
1609349119232 0.749982476234436 1420
1609349153135 0.7740444540977478 1469
