1609403333650 0.21614231169223785 48
1609403363442 0.23831020295619965 97
1609403393562 0.30619627237319946 146
1609403423490 0.3348023295402527 195
1609403453625 0.3476116955280304 244
1609403483960 0.37018173933029175 293
1609403514196 0.408845990896225 342
1609403544628 0.45214831829071045 391
1609403574917 0.5080915093421936 440
1609403605209 0.519853413105011 489
1609403634965 0.5328517556190491 538
1609403664774 0.4217279851436615 587
1609403694909 0.529464066028595 636
1609403724731 0.3827129900455475 685
1609403754444 0.46019241213798523 734
1609403784236 0.5097060203552246 783
1609403814150 0.4562467634677887 832
1609403843851 0.4418322443962097 881
1609403873839 0.4168718755245209 930
1609403903702 0.36444416642189026 979
1609403933432 0.5310714244842529 1028
1609403963148 0.45571061968803406 1077
1609403992986 0.4606162905693054 1126
1609404022693 0.46755507588386536 1175
1609404053060 0.43606939911842346 1224
1609404083387 0.5189491510391235 1273
1609404113490 0.5342516303062439 1322
1609404143627 0.5564269423484802 1371
1609404173911 0.5093656778335571 1420
1609404204211 0.5642609596252441 1469
