1609691664877 3.0716001987457275 48
1609691747657 2.8071746826171875 97
1609691829608 2.699632167816162 146
1609691912317 2.5223312377929688 195
1609691994574 2.3058853149414062 244
1609692078208 2.236839532852173 293
1609692160184 2.037245273590088 342
1609692243150 1.944034457206726 391
1609692326227 1.8152391910552979 440
1609692408137 1.7015455961227417 489
1609692491288 1.6740190982818604 538
1609692573401 1.7155977487564087 587
1609692656442 1.7258028984069824 636
1609692738300 1.7861006259918213 685
1609692820692 1.7484127283096313 734
1609692902245 1.8459372520446777 783
1609692984857 1.860607385635376 832
1609693067284 1.8700019121170044 881
1609693149095 1.8446241617202759 930
1609693231389 1.826863169670105 979
1609693313923 1.7897967100143433 1028
1609693395318 1.6342626810073853 1077
1609693478353 1.6217156648635864 1126
1609693560864 1.500723123550415 1175
1609693643055 1.4065723419189453 1224
1609693726061 1.2408558130264282 1273
1609693807543 1.0847856998443604 1322
1609693890907 0.9496473073959351 1371
1609693972748 0.8663309812545776 1420
1609694055342 0.8391608595848083 1469
