1609347089438 0 48
1609347089448 0 48
1609347122240 1 97
1609347122252 1 97
1609347155433 2 146
1609347155443 2 146
1609347188994 3 195
1609347189004 3 195
1609347221999 4 244
1609347222010 4 244
1609347255448 5 293
1609347255458 5 293
1609347288857 6 342
1609347288867 6 342
1609347322378 7 391
1609347322389 7 391
1609347355816 8 440
1609347355826 8 440
1609347389231 9 489
1609347389241 9 489
1609347422679 10 538
1609347422689 10 538
1609347456139 11 587
1609347456150 11 587
1609347489082 12 636
1609347489095 12 636
1609347522064 13 685
1609347522074 13 685
1609347555161 14 734
1609347555175 14 734
1609347588098 15 783
1609347588108 15 783
1609347621151 16 832
1609347621164 16 832
1609347654220 17 881
1609347654233 17 881
1609347687176 18 930
1609347687192 18 930
1609347720229 19 979
1609347720239 19 979
1609347753278 20 1028
1609347753290 20 1028
1609347786293 21 1077
1609347786304 21 1077
1609347819349 22 1126
1609347819363 22 1126
1609347852356 23 1175
1609347852368 23 1175
1609347885404 24 1224
1609347885419 24 1224
1609347918874 25 1273
1609347918884 25 1273
1609347951902 26 1322
1609347951914 26 1322
1609347985549 27 1371
1609347985559 27 1371
1609348018989 28 1420
1609348019002 28 1420
1609348052129 29 1469
1609348052139 29 1469
