1609429500267 0.23023806512355804 48
1609429533115 0.3174517750740051 97
1609429566415 0.36883553862571716 146
1609429599716 0.4165670573711395 195
1609429632970 0.5085310935974121 244
1609429666427 0.5220841765403748 293
1609429699802 0.5476686358451843 342
1609429733302 0.5815256237983704 391
1609429766776 0.5552622675895691 440
1609429800359 0.6597827672958374 489
1609429833739 0.6309196949005127 538
1609429866727 0.6278967261314392 587
1609429900165 0.5371720194816589 636
1609429933507 0.588928759098053 685
1609429966558 0.6193450689315796 734
1609429999565 0.6058844923973083 783
1609430032533 0.5794602036476135 832
1609430065620 0.6338233947753906 881
1609430098578 0.6148453950881958 930
1609430131771 0.6157759428024292 979
1609430164670 0.6092680096626282 1028
1609430197747 0.6835930943489075 1077
1609430230656 0.7041168808937073 1126
1609430263775 0.6010945439338684 1175
1609430296761 0.7412256598472595 1224
1609430330197 0.6364440321922302 1273
1609430363735 0.7508959770202637 1322
1609430397187 0.7335928082466125 1371
1609430430660 0.6553422808647156 1420
1609430464224 0.785053551197052 1469
1609430497145 0.8060937523841858 1518
1609430530622 0.8188455700874329 1567
1609430563730 0.7428275346755981 1616
1609430596806 0.6786607503890991 1665
1609430629918 0.8223668932914734 1714
1609430662998 0.7119910717010498 1763
1609430695985 0.7424261569976807 1812
1609430729049 0.7125391364097595 1861
1609430762089 0.7660984396934509 1910
1609430795241 0.6839223504066467 1959
