1609697506150 0.17688390612602234 48
1609697588426 0.2180798351764679 97
1609697671289 0.23266924917697906 146
1609697754175 0.24919945001602173 195
1609697836809 0.26172637939453125 244
1609697920160 0.30188414454460144 293
1609698002863 0.30537453293800354 342
1609698086076 0.30878308415412903 391
1609698168312 0.3158126771450043 440
1609698250863 0.3359872102737427 489
1609698333834 0.3581092953681946 538
1609698416289 0.35423675179481506 587
1609698499541 0.3419162631034851 636
1609698582241 0.33200111985206604 685
1609698664677 0.34349894523620605 734
1609698747418 0.32740312814712524 783
1609698830436 0.32008105516433716 832
1609698913080 0.34427306056022644 881
1609698995399 0.33693936467170715 930
1609699078158 0.3361240029335022 979
1609699161699 0.36764487624168396 1028
1609699244442 0.38990047574043274 1077
1609699326701 0.38229209184646606 1126
1609699409670 0.3999384641647339 1175
1609699492639 0.42874690890312195 1224
1609699575889 0.45525291562080383 1273
1609699658032 0.46604636311531067 1322
1609699741594 0.4741670489311218 1371
1609699823814 0.49559053778648376 1420
1609699906104 0.529708743095398 1469
