1609332469869 0 48
1609332469879 0 48
1609332502762 1 97
1609332502773 1 97
1609332535905 2 146
1609332535915 2 146
1609332568882 3 195
1609332568892 3 195
1609332602086 4 244
1609332602097 4 244
1609332635373 5 293
1609332635383 5 293
1609332668500 6 342
1609332668510 6 342
1609332702001 7 391
1609332702011 7 391
1609332735056 8 440
1609332735065 8 440
1609332768375 9 489
1609332768385 9 489
1609332801750 10 538
1609332801759 10 538
1609332834976 11 587
1609332834986 11 587
1609332867717 12 636
1609332867730 12 636
1609332900253 13 685
1609332900265 13 685
1609332932835 14 734
1609332932844 14 734
1609332965436 15 783
1609332965448 15 783
1609332998131 16 832
1609332998144 16 832
1609333030892 17 881
1609333030903 17 881
1609333063456 18 930
1609333063467 18 930
1609333096187 19 979
1609333096198 19 979
1609333128925 20 1028
1609333128937 20 1028
1609333161789 21 1077
1609333161799 21 1077
1609333194421 22 1126
1609333194431 22 1126
1609333227300 23 1175
1609333227310 23 1175
1609333260240 24 1224
1609333260252 24 1224
1609333293078 25 1273
1609333293091 25 1273
1609333326158 26 1322
1609333326168 26 1322
1609333359348 27 1371
1609333359358 27 1371
1609333392409 28 1420
1609333392421 28 1420
1609333425696 29 1469
1609333425706 29 1469
