1609332469879 3.030630350112915 48
1609332502773 2.721071243286133 97
1609332535915 2.5238499641418457 146
1609332568892 2.290729522705078 195
1609332602097 2.129301071166992 244
1609332635383 1.9215755462646484 293
1609332668510 1.730058193206787 342
1609332702011 1.5844285488128662 391
1609332735065 1.387608528137207 440
1609332768385 1.2828326225280762 489
1609332801759 1.2430553436279297 538
1609332834986 1.2530841827392578 587
1609332867730 1.3075850009918213 636
1609332900265 1.2993797063827515 685
1609332932844 1.3830410242080688 734
1609332965448 1.4975193738937378 783
1609332998144 1.505776286125183 832
1609333030903 1.6013379096984863 881
1609333063467 1.5233062505722046 930
1609333096198 1.5755788087844849 979
1609333128937 1.456113576889038 1028
1609333161799 1.3149060010910034 1077
1609333194431 1.1979849338531494 1126
1609333227310 1.0676443576812744 1175
1609333260252 0.9837767481803894 1224
1609333293091 0.8275203108787537 1273
1609333326168 0.695944607257843 1322
1609333359358 0.5971096754074097 1371
1609333392421 0.4570689797401428 1420
1609333425706 0.42529305815696716 1469
