1609697506140 0 48
1609697506150 0 48
1609697588412 1 97
1609697588426 1 97
1609697671280 2 146
1609697671289 2 146
1609697754165 3 195
1609697754175 3 195
1609697836798 4 244
1609697836809 4 244
1609697920150 5 293
1609697920160 5 293
1609698002853 6 342
1609698002863 6 342
1609698086066 7 391
1609698086076 7 391
1609698168302 8 440
1609698168312 8 440
1609698250854 9 489
1609698250863 9 489
1609698333824 10 538
1609698333834 10 538
1609698416277 11 587
1609698416289 11 587
1609698499532 12 636
1609698499541 12 636
1609698582230 13 685
1609698582241 13 685
1609698664664 14 734
1609698664677 14 734
1609698747405 15 783
1609698747418 15 783
1609698830426 16 832
1609698830436 16 832
1609698913070 17 881
1609698913080 17 881
1609698995385 18 930
1609698995399 18 930
1609699078143 19 979
1609699078158 19 979
1609699161686 20 1028
1609699161699 20 1028
1609699244430 21 1077
1609699244442 21 1077
1609699326688 22 1126
1609699326701 22 1126
1609699409660 23 1175
1609699409670 23 1175
1609699492629 24 1224
1609699492639 24 1224
1609699575879 25 1273
1609699575889 25 1273
1609699658021 26 1322
1609699658032 26 1322
1609699741584 27 1371
1609699741594 27 1371
1609699823804 28 1420
1609699823814 28 1420
1609699906095 29 1469
1609699906104 29 1469
