1609435219199 0 48
1609435219217 0 48
1609435253083 1 97
1609435253102 1 97
1609435286669 2 146
1609435286687 2 146
1609435320371 3 195
1609435320390 3 195
1609435353778 4 244
1609435353797 4 244
1609435387347 5 293
1609435387366 5 293
1609435421006 6 342
1609435421025 6 342
1609435454701 7 391
1609435454720 7 391
1609435488338 8 440
1609435488357 8 440
1609435522195 9 489
1609435522215 9 489
1609435555411 10 538
1609435555428 10 538
1609435589081 11 587
1609435589099 11 587
1609435622859 12 636
1609435622878 12 636
1609435655964 13 685
1609435655983 13 685
1609435689234 14 734
1609435689253 14 734
1609435722452 15 783
1609435722472 15 783
1609435755691 16 832
1609435755711 16 832
1609435789158 17 881
1609435789176 17 881
1609435822503 18 930
1609435822523 18 930
1609435855609 19 979
1609435855627 19 979
1609435888830 20 1028
1609435888852 20 1028
1609435921991 21 1077
1609435922010 21 1077
1609435955389 22 1126
1609435955409 22 1126
1609435988996 23 1175
1609435989015 23 1175
1609436022165 24 1224
1609436022183 24 1224
1609436055907 25 1273
1609436055926 25 1273
1609436089548 26 1322
1609436089565 26 1322
1609436123130 27 1371
1609436123149 27 1371
1609436156707 28 1420
1609436156725 28 1420
1609436190398 29 1469
1609436190416 29 1469
1609436223578 30 1518
1609436223598 30 1518
1609436257265 31 1567
1609436257282 31 1567
1609436290360 32 1616
1609436290381 32 1616
1609436323583 33 1665
1609436323606 33 1665
1609436356802 34 1714
1609436356825 34 1714
1609436390201 35 1763
1609436390220 35 1763
1609436423515 36 1812
1609436423538 36 1812
1609436456735 37 1861
1609436456755 37 1861
1609436490061 38 1910
1609436490082 38 1910
1609436523251 39 1959
1609436523271 39 1959
