1609491478981 3.0320825576782227 48
1609491512818 2.767960548400879 97
1609491546382 2.587034225463867 146
1609491580289 2.4235892295837402 195
1609491614297 2.240952491760254 244
1609491648394 2.067753314971924 293
1609491682443 1.9194477796554565 342
1609491716356 1.7542082071304321 391
1609491750392 1.5692869424819946 440
1609491784456 1.5150315761566162 489
1609491818664 1.4776889085769653 538
1609491852776 1.5232361555099487 587
1609491886842 1.512305736541748 636
1609491920482 1.5603293180465698 685
1609491954216 1.5827813148498535 734
1609491987934 1.7201985120773315 783
1609492021874 1.7017732858657837 832
1609492055501 1.6936508417129517 881
1609492089080 1.6459698677062988 930
1609492122760 1.6509196758270264 979
1609492156734 1.5996586084365845 1028
1609492190396 1.462852954864502 1077
1609492224576 1.3905136585235596 1126
1609492258121 1.2038227319717407 1175
1609492292485 1.113070011138916 1224
1609492326719 0.9383740425109863 1273
1609492360555 0.7978498935699463 1322
1609492395200 0.6651100516319275 1371
1609492429444 0.5644167065620422 1420
1609492463930 0.5161580443382263 1469
1609492497811 0.49031683802604675 1518
1609492531956 0.504360020160675 1567
1609492565851 0.48844650387763977 1616
1609492599753 0.5141077041625977 1665
1609492633614 0.5756824612617493 1714
1609492667310 0.7071380019187927 1763
1609492700959 0.8609970808029175 1812
1609492734686 0.8509427309036255 1861
1609492768573 0.9703434705734253 1910
1609492802246 1.0250120162963867 1959
