1609330329395 3.0668251514434814 48
1609330361509 2.7409234046936035 97
1609330394002 2.601649284362793 146
1609330426773 2.374605178833008 195
1609330459643 2.145382881164551 244
1609330491930 2.0310218334198 293
1609330524655 1.8345578908920288 342
1609330557248 1.68108069896698 391
1609330589807 1.5093706846237183 440
1609330622584 1.361436128616333 489
1609330655253 1.3530364036560059 538
1609330688124 1.4152164459228516 587
1609330720847 1.3669453859329224 636
1609330753035 1.3978294134140015 685
1609330785341 1.4850375652313232 734
1609330817555 1.6033662557601929 783
1609330849940 1.585944652557373 832
1609330882183 1.6201461553573608 881
1609330914494 1.5929378271102905 930
1609330946724 1.531456708908081 979
1609330979036 1.4538137912750244 1028
1609331011223 1.3610172271728516 1077
1609331043522 1.2752679586410522 1126
1609331076285 1.0568406581878662 1175
1609331108573 0.9071820378303528 1224
1609331141269 0.825219988822937 1273
1609331173920 0.7053706049919128 1322
1609331206634 0.5438570380210876 1371
1609331239378 0.4725072383880615 1420
1609331272252 0.425799161195755 1469
