1609694579096 0 48
1609694579106 0 48
1609694662604 1 97
1609694662615 1 97
1609694746599 2 146
1609694746609 2 146
1609694829980 3 195
1609694829992 3 195
1609694912456 4 244
1609694912469 4 244
1609694995074 5 293
1609694995085 5 293
1609695077326 6 342
1609695077337 6 342
1609695160732 7 391
1609695160742 7 391
1609695245209 8 440
1609695245220 8 440
1609695329315 9 489
1609695329325 9 489
1609695412899 10 538
1609695412909 10 538
1609695497407 11 587
1609695497417 11 587
1609695580728 12 636
1609695580738 12 636
1609695663307 13 685
1609695663320 13 685
1609695746169 14 734
1609695746183 14 734
1609695828879 15 783
1609695828894 15 783
1609695909981 16 832
1609695909993 16 832
1609695992820 17 881
1609695992834 17 881
1609696075757 18 930
1609696075770 18 930
1609696158937 19 979
1609696158950 19 979
1609696241586 20 1028
1609696241602 20 1028
1609696323969 21 1077
1609696323983 21 1077
1609696406117 22 1126
1609696406127 22 1126
1609696489125 23 1175
1609696489136 23 1175
1609696572023 24 1224
1609696572034 24 1224
1609696654986 25 1273
1609696655001 25 1273
1609696737104 26 1322
1609696737114 26 1322
1609696819768 27 1371
1609696819778 27 1371
1609696902554 28 1420
1609696902565 28 1420
1609696985161 29 1469
1609696985171 29 1469
