1609429500267 3.0516085624694824 48
1609429533115 2.737539529800415 97
1609429566415 2.529536485671997 146
1609429599716 2.3023548126220703 195
1609429632970 2.1276164054870605 244
1609429666427 2.036747455596924 293
1609429699802 1.801408052444458 342
1609429733302 1.6171224117279053 391
1609429766776 1.4716771841049194 440
1609429800359 1.3598743677139282 489
1609429833739 1.356168508529663 538
1609429866727 1.3524634838104248 587
1609429900165 1.3749501705169678 636
1609429933507 1.3718491792678833 685
1609429966558 1.457833170890808 734
1609429999565 1.5668489933013916 783
1609430032533 1.7135882377624512 832
1609430065620 1.5712460279464722 881
1609430098578 1.6638530492782593 930
1609430131771 1.6517612934112549 979
1609430164670 1.5600475072860718 1028
1609430197747 1.5253639221191406 1077
1609430230656 1.5382881164550781 1126
1609430263775 1.2631772756576538 1175
1609430296761 1.220090389251709 1224
1609430330197 1.080328345298767 1273
1609430363735 0.9443731904029846 1322
1609430397187 0.9155324101448059 1371
1609430430660 0.7831735610961914 1420
1609430464224 0.8582671880722046 1469
1609430497145 0.6348499655723572 1518
1609430530622 0.6631142497062683 1567
1609430563730 0.6067606806755066 1616
1609430596806 0.7411599159240723 1665
1609430629918 0.6628260612487793 1714
1609430662998 0.859099805355072 1763
1609430695985 1.0270065069198608 1812
1609430729049 1.1045271158218384 1861
1609430762089 1.120064377784729 1910
1609430795241 1.114828109741211 1959
