1609691664866 0 48
1609691664877 0 48
1609691747647 1 97
1609691747657 1 97
1609691829598 2 146
1609691829608 2 146
1609691912307 3 195
1609691912317 3 195
1609691994564 4 244
1609691994574 4 244
1609692078197 5 293
1609692078208 5 293
1609692160174 6 342
1609692160184 6 342
1609692243140 7 391
1609692243150 7 391
1609692326217 8 440
1609692326227 8 440
1609692408127 9 489
1609692408137 9 489
1609692491277 10 538
1609692491288 10 538
1609692573388 11 587
1609692573401 11 587
1609692656431 12 636
1609692656442 12 636
1609692738289 13 685
1609692738300 13 685
1609692820681 14 734
1609692820692 14 734
1609692902229 15 783
1609692902245 15 783
1609692984842 16 832
1609692984857 16 832
1609693067269 17 881
1609693067284 17 881
1609693149082 18 930
1609693149095 18 930
1609693231375 19 979
1609693231389 19 979
1609693313911 20 1028
1609693313923 20 1028
1609693395304 21 1077
1609693395318 21 1077
1609693478341 22 1126
1609693478353 22 1126
1609693560849 23 1175
1609693560864 23 1175
1609693643044 24 1224
1609693643055 24 1224
1609693726050 25 1273
1609693726061 25 1273
1609693807532 26 1322
1609693807543 26 1322
1609693890897 27 1371
1609693890907 27 1371
1609693972737 28 1420
1609693972748 28 1420
1609694055331 29 1469
1609694055342 29 1469
