1609429500257 0 48
1609429500267 0 48
1609429533105 1 97
1609429533115 1 97
1609429566405 2 146
1609429566415 2 146
1609429599706 3 195
1609429599716 3 195
1609429632959 4 244
1609429632970 4 244
1609429666416 5 293
1609429666427 5 293
1609429699792 6 342
1609429699802 6 342
1609429733291 7 391
1609429733302 7 391
1609429766765 8 440
1609429766776 8 440
1609429800348 9 489
1609429800359 9 489
1609429833729 10 538
1609429833739 10 538
1609429866717 11 587
1609429866727 11 587
1609429900155 12 636
1609429900165 12 636
1609429933493 13 685
1609429933507 13 685
1609429966543 14 734
1609429966558 14 734
1609429999552 15 783
1609429999565 15 783
1609430032523 16 832
1609430032533 16 832
1609430065607 17 881
1609430065620 17 881
1609430098568 18 930
1609430098578 18 930
1609430131760 19 979
1609430131771 19 979
1609430164660 20 1028
1609430164670 20 1028
1609430197733 21 1077
1609430197747 21 1077
1609430230643 22 1126
1609430230656 22 1126
1609430263765 23 1175
1609430263775 23 1175
1609430296750 24 1224
1609430296761 24 1224
1609430330186 25 1273
1609430330197 25 1273
1609430363725 26 1322
1609430363735 26 1322
1609430397176 27 1371
1609430397187 27 1371
1609430430650 28 1420
1609430430660 28 1420
1609430464213 29 1469
1609430464224 29 1469
1609430497133 30 1518
1609430497145 30 1518
1609430530611 31 1567
1609430530622 31 1567
1609430563718 32 1616
1609430563730 32 1616
1609430596793 33 1665
1609430596806 33 1665
1609430629908 34 1714
1609430629918 34 1714
1609430662982 35 1763
1609430662998 35 1763
1609430695974 36 1812
1609430695985 36 1812
1609430729038 37 1861
1609430729049 37 1861
1609430762077 38 1910
1609430762089 38 1910
1609430795230 39 1959
1609430795241 39 1959
