1609350375216 0 48
1609350375225 0 48
1609350409149 1 97
1609350409158 1 97
1609350442627 2 146
1609350442637 2 146
1609350476484 3 195
1609350476492 3 195
1609350510345 4 244
1609350510356 4 244
1609350544247 5 293
1609350544256 5 293
1609350578108 6 342
1609350578117 6 342
1609350611947 7 391
1609350611955 7 391
1609350645762 8 440
1609350645771 8 440
1609350679637 9 489
1609350679646 9 489
1609350713114 10 538
1609350713124 10 538
1609350747319 11 587
1609350747328 11 587
1609350780590 12 636
1609350780600 12 636
1609350814133 13 685
1609350814145 13 685
1609350847317 14 734
1609350847330 14 734
1609350880630 15 783
1609350880642 15 783
1609350914088 16 832
1609350914097 16 832
1609350947549 17 881
1609350947560 17 881
1609350980859 18 930
1609350980869 18 930
1609351014315 19 979
1609351014324 19 979
1609351047757 20 1028
1609351047768 20 1028
1609351081057 21 1077
1609351081068 21 1077
1609351114487 22 1126
1609351114499 22 1126
1609351147877 23 1175
1609351147889 23 1175
1609351181645 24 1224
1609351181655 24 1224
1609351215459 25 1273
1609351215468 25 1273
1609351248710 26 1322
1609351248721 26 1322
1609351282693 27 1371
1609351282701 27 1371
1609351316775 28 1420
1609351316784 28 1420
1609351350442 29 1469
1609351350451 29 1469
