1609617236351 0 48
1609617236360 0 48
1609617328165 1 97
1609617328174 1 97
1609617421280 2 146
1609617421290 2 146
1609617513472 3 195
1609617513482 3 195
1609617606242 4 244
1609617606251 4 244
1609617699041 5 293
1609617699050 5 293
1609617791095 6 342
1609617791104 6 342
1609617882789 7 391
1609617882798 7 391
1609617974140 8 440
1609617974150 8 440
1609618064727 9 489
1609618064736 9 489
1609618156033 10 538
1609618156044 10 538
1609618248079 11 587
1609618248088 11 587
1609618341467 12 636
1609618341476 12 636
1609618433501 13 685
1609618433510 13 685
1609618525564 14 734
1609618525576 14 734
1609618617954 15 783
1609618617963 15 783
1609618708863 16 832
1609618708876 16 832
1609618800089 17 881
1609618800102 17 881
1609618892364 18 930
1609618892374 18 930
1609618983584 19 979
1609618983595 19 979
1609619074382 20 1028
1609619074391 20 1028
1609619166498 21 1077
1609619166511 21 1077
1609619256209 22 1126
1609619256218 22 1126
1609619348928 23 1175
1609619348941 23 1175
1609619441630 24 1224
1609619441639 24 1224
1609619534103 25 1273
1609619534113 25 1273
1609619624919 26 1322
1609619624928 26 1322
1609619717633 27 1371
1609619717642 27 1371
1609619809288 28 1420
1609619809298 28 1420
1609619900553 29 1469
1609619900561 29 1469
