1609411857490 0 48
1609411857504 0 48
1609411890421 1 97
1609411890431 1 97
1609411923257 2 146
1609411923267 2 146
1609411956111 3 195
1609411956120 3 195
1609411988856 4 244
1609411988866 4 244
1609412021693 5 293
1609412021703 5 293
1609412054447 6 342
1609412054457 6 342
1609412087473 7 391
1609412087483 7 391
1609412120265 8 440
1609412120275 8 440
1609412153069 9 489
1609412153079 9 489
1609412185835 10 538
1609412185845 10 538
1609412218727 11 587
1609412218737 11 587
1609412251202 12 636
1609412251216 12 636
1609412283679 13 685
1609412283693 13 685
1609412316069 14 734
1609412316083 14 734
1609412348408 15 783
1609412348418 15 783
1609412380791 16 832
1609412380801 16 832
1609412413254 17 881
1609412413269 17 881
1609412445670 18 930
1609412445681 18 930
1609412478189 19 979
1609412478199 19 979
1609412510729 20 1028
1609412510739 20 1028
1609412543282 21 1077
1609412543295 21 1077
1609412575890 22 1126
1609412575902 22 1126
1609412608385 23 1175
1609412608396 23 1175
1609412641227 24 1224
1609412641238 24 1224
1609412674174 25 1273
1609412674184 25 1273
1609412707089 26 1322
1609412707100 26 1322
1609412740044 27 1371
1609412740056 27 1371
1609412772888 28 1420
1609412772898 28 1420
1609412805870 29 1469
1609412805880 29 1469
1609412838482 30 1518
1609412838496 30 1518
1609412870886 31 1567
1609412870901 31 1567
1609412903439 32 1616
1609412903450 32 1616
1609412935964 33 1665
1609412935974 33 1665
1609412968484 34 1714
1609412968494 34 1714
1609413000923 35 1763
1609413000934 35 1763
1609413033376 36 1812
1609413033389 36 1812
1609413065824 37 1861
1609413065836 37 1861
1609413098367 38 1910
1609413098377 38 1910
1609413130872 39 1959
1609413130882 39 1959
1609413163272 40 2008
1609413163284 40 2008
1609413195718 41 2057
1609413195731 41 2057
1609413228316 42 2106
1609413228330 42 2106
1609413260761 43 2155
1609413260771 43 2155
1609413293314 44 2204
1609413293325 44 2204
1609413325904 45 2253
1609413325916 45 2253
1609413358365 46 2302
1609413358376 46 2302
1609413390849 47 2351
1609413390862 47 2351
1609413423430 48 2400
1609413423442 48 2400
1609413455952 49 2449
1609413455963 49 2449
