1609350375225 2.9487595558166504 48
1609350409158 2.685790777206421 97
1609350442637 2.480714797973633 146
1609350476492 2.301041841506958 195
1609350510356 2.047147750854492 244
1609350544256 1.8601024150848389 293
1609350578117 1.704071283340454 342
1609350611955 1.4345948696136475 391
1609350645771 1.2866226434707642 440
1609350679646 1.1264302730560303 489
1609350713124 1.100595474243164 538
1609350747328 1.0879542827606201 587
1609350780600 1.0737690925598145 636
1609350814145 1.1530444622039795 685
1609350847330 1.2528725862503052 734
1609350880642 1.3815181255340576 783
1609350914097 1.444356083869934 832
1609350947560 1.4615576267242432 881
1609350980869 1.5679351091384888 930
1609351014324 1.483177900314331 979
1609351047768 1.3514434099197388 1028
1609351081068 1.2940007448196411 1077
1609351114499 1.1255745887756348 1126
1609351147889 1.0597012042999268 1175
1609351181655 0.8613383769989014 1224
1609351215468 0.7862361073493958 1273
1609351248721 0.5800402760505676 1322
1609351282701 0.5057399272918701 1371
1609351316784 0.39085647463798523 1420
1609351350451 0.33961206674575806 1469
