1609349275829 0.2506762146949768 48
1609349309165 0.3397360146045685 97
1609349342652 0.3814637064933777 146
1609349376844 0.4260149300098419 195
1609349410766 0.48944756388664246 244
1609349444135 0.5349865555763245 293
1609349478046 0.5822905898094177 342
1609349511996 0.6411417722702026 391
1609349546056 0.6620185971260071 440
1609349579909 0.7074597477912903 489
1609349613760 0.719413161277771 538
1609349647587 0.7214711904525757 587
1609349681142 0.7026954889297485 636
1609349714804 0.7039597630500793 685
1609349748239 0.6873034834861755 734
1609349781571 0.6929737329483032 783
1609349815041 0.6927886009216309 832
1609349848626 0.6688307523727417 881
1609349882233 0.6936697959899902 930
1609349915544 0.6959682703018188 979
1609349949159 0.7379657626152039 1028
1609349982672 0.7410156726837158 1077
1609350016346 0.7366556525230408 1126
1609350049800 0.7778357863426208 1175
1609350083522 0.8109075427055359 1224
1609350117643 0.8344267010688782 1273
1609350151424 0.8590973019599915 1322
1609350184787 0.8827539682388306 1371
1609350218779 0.9043495059013367 1420
1609350252123 0.9053860306739807 1469
