1609407057127 0.20744642615318298 48
1609407086745 0.2371116578578949 97
1609407116807 0.2437320500612259 146
1609407146893 0.2750610113143921 195
1609407176895 0.27902674674987793 244
1609407207146 0.31159523129463196 293
1609407237254 0.2928085923194885 342
1609407267391 0.327063649892807 391
1609407297385 0.3541066348552704 440
1609407327057 0.3873634934425354 489
1609407357257 0.4710778295993805 538
1609407386999 0.39099687337875366 587
1609407416765 0.35020992159843445 636
1609407446598 0.3809608221054077 685
1609407476371 0.3796232044696808 734
1609407506036 0.3979562520980835 783
1609407535961 0.380680650472641 832
1609407565807 0.34591740369796753 881
1609407595563 0.39210045337677 930
1609407625238 0.3725282847881317 979
1609407654981 0.3355596363544464 1028
1609407684660 0.39885127544403076 1077
1609407714465 0.43084487318992615 1126
1609407744236 0.49829035997390747 1175
1609407773953 0.39753949642181396 1224
1609407804182 0.43870002031326294 1273
1609407834477 0.4761945307254791 1322
1609407864656 0.5198423266410828 1371
1609407895259 0.5141989588737488 1420
1609407925093 0.45298948884010315 1469
1609407954866 0.5483241677284241 1518
1609407984834 0.5233051180839539 1567
1609408014631 0.5479561686515808 1616
1609408044312 0.5150257349014282 1665
1609408074434 0.4321509003639221 1714
1609408104252 0.6022501587867737 1763
1609408134091 0.44721320271492004 1812
1609408164203 0.5341501235961914 1861
1609408194091 0.46612656116485596 1910
1609408223901 0.5660431981086731 1959
1609408253744 0.4920215606689453 2008
1609408283537 0.46262335777282715 2057
1609408313453 0.4761795997619629 2106
1609408343797 0.45855069160461426 2155
1609408373518 0.49103859066963196 2204
1609408403762 0.4993667006492615 2253
1609408433502 0.5018313527107239 2302
1609408463792 0.5403180718421936 2351
1609408494040 0.5001667141914368 2400
1609408524412 0.6369516253471375 2449
1609408554302 0.526860773563385 2498
1609408583991 0.5255435109138489 2547
1609408613786 0.535892128944397 2596
1609408643697 0.5810785889625549 2645
1609408673547 0.5302170515060425 2694
1609408703403 0.5632761716842651 2743
1609408733475 0.5708698630332947 2792
1609408763361 0.49454769492149353 2841
1609408793257 0.5496612191200256 2890
1609408822951 0.4581906795501709 2939
1609408853051 0.4940996468067169 2988
1609408882954 0.5072019696235657 3037
1609408913346 0.5621726512908936 3086
1609408943199 0.5488434433937073 3135
1609408973033 0.5199593901634216 3184
1609409003064 0.6462975144386292 3233
1609409033284 0.6522669196128845 3282
1609409063203 0.6232736706733704 3331
1609409093051 0.616455078125 3380
1609409123313 0.5816730260848999 3429
1609409153587 0.5633719563484192 3478
1609409183301 0.5329504609107971 3527
1609409213561 0.5929362773895264 3576
1609409243607 0.523824155330658 3625
1609409273606 0.5960759520530701 3674
1609409303448 0.47214585542678833 3723
1609409333207 0.5240103006362915 3772
1609409363066 0.6175938248634338 3821
1609409392790 0.6321650743484497 3870
1609409422594 0.5604614019393921 3919
