1609386436606 0 48
1609386436615 0 48
1609386466293 1 97
1609386466302 1 97
1609386496005 2 146
1609386496013 2 146
1609386525245 3 195
1609386525257 3 195
1609386554573 4 244
1609386554583 4 244
1609386584520 5 293
1609386584530 5 293
1609386614306 6 342
1609386614314 6 342
1609386644271 7 391
1609386644280 7 391
1609386674097 8 440
1609386674106 8 440
1609386703933 9 489
1609386703942 9 489
1609386733690 10 538
1609386733699 10 538
1609386763581 11 587
1609386763590 11 587
1609386793547 12 636
1609386793556 12 636
1609386822985 13 685
1609386822996 13 685
1609386852410 14 734
1609386852423 14 734
1609386882046 15 783
1609386882056 15 783
1609386911620 16 832
1609386911631 16 832
1609386941195 17 881
1609386941207 17 881
1609386970827 18 930
1609386970838 18 930
1609387000380 19 979
1609387000390 19 979
1609387029907 20 1028
1609387029918 20 1028
1609387059352 21 1077
1609387059361 21 1077
1609387088996 22 1126
1609387089007 22 1126
1609387118576 23 1175
1609387118585 23 1175
1609387148580 24 1224
1609387148589 24 1224
1609387178030 25 1273
1609387178041 25 1273
1609387207435 26 1322
1609387207448 26 1322
1609387237294 27 1371
1609387237303 27 1371
1609387267379 28 1420
1609387267388 28 1420
1609387296904 29 1469
1609387296913 29 1469
