1609156105277 0.2546190917491913 48
1609156138251 0.3615110218524933 97
1609156171700 0.411094069480896 146
1609156205241 0.4950782358646393 195
1609156238813 0.5542892217636108 244
1609156272249 0.5992533564567566 293
1609156305773 0.6627786755561829 342
1609156339362 0.7069429755210876 391
1609156372994 0.7570810914039612 440
1609156406614 0.7796015739440918 489
1609156440449 0.7837111353874207 538
1609156473951 0.7649198770523071 587
1609156507096 0.7879588603973389 636
1609156540295 0.7647323608398438 685
1609156573391 0.7404135465621948 734
1609156606616 0.7390168309211731 783
1609156639721 0.7335799932479858 832
1609156672988 0.6903046369552612 881
1609156706215 0.7236951589584351 930
1609156739534 0.7595323920249939 979
1609156772712 0.7705215215682983 1028
1609156805934 0.766139566898346 1077
1609156839209 0.82169109582901 1126
1609156872697 0.8521716594696045 1175
1609156905876 0.861735463142395 1224
1609156939376 0.8839162588119507 1273
1609156973005 0.9035396575927734 1322
1609157006662 0.921940803527832 1371
1609157040237 0.9371620416641235 1420
1609157073808 0.9394153952598572 1469
1609157107464 0.9477760195732117 1518
1609157140619 0.9428116083145142 1567
1609157173753 0.9442082643508911 1616
1609157207002 0.9363322257995605 1665
1609157240101 0.9279301166534424 1714
1609157273310 0.9119905233383179 1763
1609157306463 0.9017349481582642 1812
1609157339675 0.8886765837669373 1861
1609157372822 0.8770645260810852 1910
1609157405974 0.8731945157051086 1959
1609157439136 0.8684665560722351 2008
1609157472284 0.902389645576477 2057
1609157505438 0.8921288251876831 2106
1609157538725 0.8999541401863098 2155
1609157571891 0.9297799468040466 2204
1609157605160 0.9456455111503601 2253
1609157638422 0.9547287821769714 2302
1609157671619 0.9640524983406067 2351
1609157704805 0.9639338254928589 2400
1609157738213 0.9695897698402405 2449
1609157771315 0.9689368009567261 2498
1609157804609 0.971666693687439 2547
1609157837819 0.9719882607460022 2596
1609157871002 0.9747726321220398 2645
1609157904310 0.9614152312278748 2694
1609157937480 0.9612373113632202 2743
1609157970609 0.9431694149971008 2792
1609158003991 0.9261177778244019 2841
1609158037202 0.9152207970619202 2890
1609158070494 0.9213188886642456 2939
1609158103684 0.9109684824943542 2988
1609158136848 0.9124258756637573 3037
1609158170062 0.9271420240402222 3086
1609158203298 0.9370585083961487 3135
1609158236523 0.955772340297699 3184
1609158269946 0.966877818107605 3233
1609158303174 0.9732031226158142 3282
1609158336283 0.9738685488700867 3331
1609158369569 0.9783622622489929 3380
1609158402813 0.9756162166595459 3429
1609158436177 0.9812283515930176 3478
1609158469394 0.9780949950218201 3527
1609158502686 0.9780893921852112 3576
1609158535871 0.9751237034797668 3625
1609158569128 0.977448046207428 3674
1609158602304 0.9739737510681152 3723
1609158635599 0.9689266681671143 3772
1609158668901 0.9561267495155334 3821
1609158702035 0.933426022529602 3870
1609158735280 0.9330323934555054 3919
1609158768519 0.9373975992202759 3968
1609158801776 0.9464138150215149 4017
1609158834900 0.9536755681037903 4066
1609158868042 0.9651248455047607 4115
1609158901305 0.9632687568664551 4164
1609158934637 0.9716732501983643 4213
1609158968031 0.9781835079193115 4262
1609159001360 0.976844847202301 4311
1609159034801 0.9826796054840088 4360
1609159067971 0.9815890192985535 4409
1609159101340 0.9817889928817749 4458
1609159134727 0.9808881282806396 4507
1609159167980 0.9806903004646301 4556
1609159201116 0.9815540313720703 4605
1609159234543 0.9787999987602234 4654
1609159267753 0.9779006838798523 4703
1609159300987 0.9756897687911987 4752
1609159334155 0.9693780541419983 4801
1609159367369 0.9608857035636902 4850
1609159400598 0.9347243905067444 4899
