1609620419138 0.24331510066986084 48
1609620511573 0.3496415913105011 97
1609620603867 0.44373640418052673 146
1609620695664 0.5126878023147583 195
1609620786884 0.5639405846595764 244
1609620878976 0.5958343744277954 293
1609620970180 0.657056450843811 342
1609621063005 0.709486186504364 391
1609621154831 0.7216793894767761 440
1609621246924 0.75054532289505 489
1609621337603 0.7562592029571533 538
1609621429788 0.7528989315032959 587
1609621522219 0.7593794465065002 636
1609621612544 0.7564532160758972 685
1609621704759 0.7365996837615967 734
1609621797420 0.7257965207099915 783
1609621889106 0.7164504528045654 832
1609621980869 0.7290871143341064 881
1609622072966 0.7525351047515869 930
1609622165189 0.7481330633163452 979
1609622257090 0.7606872916221619 1028
1609622349572 0.7672414183616638 1077
1609622440273 0.8139864206314087 1126
1609622531115 0.8293471336364746 1175
1609622624315 0.8592672944068909 1224
1609622716088 0.8820831775665283 1273
1609622808553 0.9031478762626648 1322
1609622900352 0.9176000356674194 1371
1609622992176 0.9290157556533813 1420
1609623083797 0.9372954964637756 1469
