1609347089448 0.2542327046394348 48
1609347122252 0.3505716919898987 97
1609347155443 0.41733965277671814 146
1609347189004 0.47247371077537537 195
1609347222010 0.5505510568618774 244
1609347255458 0.6050302982330322 293
1609347288867 0.6477028727531433 342
1609347322389 0.6873142123222351 391
1609347355826 0.7349662780761719 440
1609347389241 0.7542666792869568 489
1609347422689 0.7563536763191223 538
1609347456150 0.7456381320953369 587
1609347489095 0.7613620758056641 636
1609347522074 0.7505112886428833 685
1609347555175 0.7297675013542175 734
1609347588108 0.725276529788971 783
1609347621164 0.7437018752098083 832
1609347654233 0.7043258547782898 881
1609347687192 0.7318958640098572 930
1609347720239 0.7405593991279602 979
1609347753290 0.7540760040283203 1028
1609347786304 0.7725841999053955 1077
1609347819363 0.8064607977867126 1126
1609347852368 0.8387378454208374 1175
1609347885419 0.8697450757026672 1224
1609347918884 0.8832483291625977 1273
1609347951914 0.9036421179771423 1322
1609347985559 0.9297167658805847 1371
1609348019002 0.9478158354759216 1420
1609348052139 0.9492747187614441 1469
