1609664984266 3.0568675994873047 48
1609665067473 2.7720425128936768 97
1609665151426 2.5710880756378174 146
1609665235996 2.429769277572632 195
1609665319540 2.2865493297576904 244
1609665403064 2.08752703666687 293
1609665486995 1.9767732620239258 342
1609665570782 1.8105993270874023 391
1609665654519 1.6992766857147217 440
1609665736460 1.5200130939483643 489
1609665819410 1.5352071523666382 538
1609665903300 1.5692684650421143 587
1609665986551 1.494088888168335 636
1609666068561 1.532038927078247 685
1609666151445 1.5987451076507568 734
1609666234096 1.682152271270752 783
1609666317424 1.753183364868164 832
1609666398682 1.6812143325805664 881
1609666480352 1.7415376901626587 930
1609666563404 1.7043834924697876 979
1609666647787 1.6468263864517212 1028
1609666731398 1.4987602233886719 1077
1609666812544 1.5570425987243652 1126
1609666896415 1.3816698789596558 1175
1609666979298 1.1538145542144775 1224
1609667061544 1.095373511314392 1273
1609667146212 1.0283159017562866 1322
1609667229608 0.901552677154541 1371
1609667312791 0.9025217294692993 1420
1609667396386 0.8959333300590515 1469
