1609163071877 0 48
1609163071892 0 48
1609163117220 1 97
1609163117233 1 97
1609163162634 2 146
1609163162648 2 146
1609163208160 3 195
1609163208174 3 195
1609163253416 4 244
1609163253432 4 244
1609163298960 5 293
1609163298974 5 293
1609163344537 6 342
1609163344550 6 342
1609163390175 7 391
1609163390188 7 391
1609163435809 8 440
1609163435824 8 440
1609163481388 9 489
1609163481401 9 489
1609163527066 10 538
1609163527080 10 538
1609163572563 11 587
1609163572577 11 587
1609163617778 12 636
1609163617794 12 636
1609163662918 13 685
1609163662933 13 685
1609163708218 14 734
1609163708231 14 734
1609163753463 15 783
1609163753478 15 783
1609163798861 16 832
1609163798875 16 832
1609163844167 17 881
1609163844186 17 881
1609163889438 18 930
1609163889452 18 930
1609163934830 19 979
1609163934845 19 979
1609163980022 20 1028
1609163980037 20 1028
1609164025256 21 1077
1609164025272 21 1077
1609164070501 22 1126
1609164070516 22 1126
1609164115869 23 1175
1609164115886 23 1175
1609164161602 24 1224
1609164161616 24 1224
1609164206956 25 1273
1609164206975 25 1273
1609164252276 26 1322
1609164252290 26 1322
1609164297959 27 1371
1609164297973 27 1371
1609164343213 28 1420
1609164343226 28 1420
1609164388500 29 1469
1609164388513 29 1469
