1608343549354 0 48
1608343550514 0 48
1608343554600 1 49
1608343612190 1 97
1608343612241 1 97
1608343617054 2 99
1608343673371 2 146
1608343674766 2 146
1608343680834 3 149
1608343735985 3 195
1608343737186 3 195
1608343744568 4 199
1608343798853 4 244
1608343800073 4 244
1608343808155 5 249
1608343861622 5 293
1608343861706 5 293
1608343870772 6 299
1608343923347 6 342
1608343924581 6 342
1608343935375 7 349
1608343986731 7 391
1608343987928 7 391
1608344000114 8 399
1608344050050 8 440
1608344051236 8 440
1608344064767 9 449
1608344113484 9 489
1608344115381 9 489
1608344129181 10 499
1608344177028 10 538
1608344178253 10 538
1608344193473 11 549
1608344240708 11 587
1608344240763 11 587
1608344256415 12 599
1608344301601 12 636
1608344301655 12 636
1608344319313 13 649
1608344364066 13 685
1608344364121 13 685
