1608343550514 1.189525842666626 48
1608343612241 0.9230567812919617 97
1608343674766 0.7995119094848633 146
1608343737186 0.647671639919281 195
1608343800073 0.6053751111030579 244
1608343861706 0.5345699787139893 293
1608343924581 0.4836854636669159 342
1608343987928 0.43412959575653076 391
1608344051236 0.396976500749588 440
1608344115381 0.4156959056854248 489
1608344178253 0.40033137798309326 538
1608344240763 0.3776130676269531 587
1608344301655 0.3793351650238037 636
1608344364121 0.41406047344207764 685
