1608343550514 0.28413814306259155 48
1608343612241 0.38468706607818604 97
1608343674766 0.4628871977329254 146
1608343737186 0.5568599700927734 195
1608343800073 0.5878031253814697 244
1608343861706 0.6634766459465027 293
1608343924581 0.6872258186340332 342
1608343987928 0.7272790670394897 391
1608344051236 0.7570216655731201 440
1608344115381 0.7719718813896179 489
1608344178253 0.7701519727706909 538
1608344240763 0.7789790034294128 587
1608344301655 0.7693933248519897 636
1608344364121 0.7452593445777893 685
