1609430918051 0.2250584065914154 48
1609430951972 0.27390140295028687 97
1609430985769 0.31007206439971924 146
1609431019571 0.3529188632965088 195
1609431053338 0.40722179412841797 244
1609431087079 0.40259215235710144 293
1609431120778 0.5075395107269287 342
1609431154519 0.5272777080535889 391
1609431188248 0.5647645592689514 440
1609431222219 0.537601888179779 489
1609431255963 0.5625006556510925 538
1609431289917 0.5437151193618774 587
1609431323792 0.5595486164093018 636
1609431357359 0.5790483951568604 685
1609431390979 0.5891481637954712 734
1609431424445 0.5523679852485657 783
1609431457863 0.5529934167861938 832
1609431491279 0.5231198072433472 881
1609431524729 0.5425999164581299 930
1609431558349 0.577840268611908 979
1609431591683 0.5559239983558655 1028
1609431625347 0.5702748894691467 1077
1609431658859 0.6461926102638245 1126
1609431692584 0.6032541394233704 1175
1609431726575 0.6942207217216492 1224
1609431760548 0.7104553580284119 1273
1609431794559 0.8023442625999451 1322
1609431828619 0.6727092862129211 1371
1609431862384 0.7304286360740662 1420
1609431896209 0.7102137804031372 1469
1609431930264 0.64357590675354 1518
1609431964192 0.7485483288764954 1567
1609431997746 0.8460582494735718 1616
1609432031324 0.7590208649635315 1665
1609432064748 0.7459306716918945 1714
1609432098216 0.7004921436309814 1763
1609432131747 0.7510470747947693 1812
1609432165109 0.7424432039260864 1861
1609432198593 0.68183434009552 1910
1609432232079 0.6711805462837219 1959
