1609659090305 3.0798556804656982 48
1609659172534 2.8193140029907227 97
1609659256076 2.6272072792053223 146
1609659338779 2.480884075164795 195
1609659422736 2.3300061225891113 244
1609659506613 2.243508815765381 293
1609659589840 1.9712259769439697 342
1609659674428 1.7880759239196777 391
1609659757361 1.6408122777938843 440
1609659840823 1.5417038202285767 489
1609659924143 1.5295888185501099 538
1609660006592 1.4978049993515015 587
1609660089181 1.5366746187210083 636
1609660171684 1.5362087488174438 685
1609660254561 1.5876818895339966 734
1609660337647 1.6793769598007202 783
1609660421421 1.806899070739746 832
1609660504337 1.7874505519866943 881
1609660587793 1.710677981376648 930
1609660670189 1.6609992980957031 979
1609660752416 1.54875648021698 1028
1609660834914 1.5214444398880005 1077
1609660917985 1.547773838043213 1126
1609661001642 1.3437385559082031 1175
1609661083691 1.2199164628982544 1224
1609661166514 1.123971939086914 1273
1609661248890 0.9475417137145996 1322
1609661332030 0.9661505222320557 1371
1609661415232 0.8508129119873047 1420
1609661499927 0.8641175031661987 1469
