1609084032336 0 42
1609084032351 0 42
1609084061636 1 85
1609084061653 1 85
1609084092076 2 128
1609084092090 2 128
1609084121891 3 171
1609084121906 3 171
1609084151630 4 214
1609084151645 4 214
1609084181284 5 257
1609084181300 5 257
1609084211319 6 300
1609084211334 6 300
1609084240423 7 343
1609084240439 7 343
1609084270103 8 386
1609084270117 8 386
1609084300234 9 429
1609084300250 9 429
1609084330767 10 472
1609084330787 10 472
1609084360059 11 515
1609084360080 11 515
1609084390190 12 558
1609084390205 12 558
1609084419501 13 601
1609084419517 13 601
1609084449099 14 644
1609084449117 14 644
1609084478543 15 687
1609084478563 15 687
1609084507661 16 730
1609084507677 16 730
1609084537002 17 773
1609084537017 17 773
1609084566230 18 816
1609084566249 18 816
1609084595333 19 859
1609084595351 19 859
1609084624774 20 902
1609084624791 20 902
1609084654334 21 945
1609084654352 21 945
1609084683856 22 988
1609084683871 22 988
1609084713593 23 1031
1609084713611 23 1031
1609084743313 24 1074
1609084743328 24 1074
1609084772816 25 1117
1609084772831 25 1117
1609084802166 26 1160
1609084802185 26 1160
1609084832124 27 1203
1609084832139 27 1203
1609084861635 28 1246
1609084861651 28 1246
1609084891862 29 1289
1609084891878 29 1289
1609084921199 30 1332
1609084921215 30 1332
1609084950980 31 1375
1609084950995 31 1375
1609084980222 32 1418
1609084980240 32 1418
1609085009728 33 1461
1609085009743 33 1461
1609085039100 34 1504
1609085039118 34 1504
1609085068292 35 1547
1609085068309 35 1547
1609085097932 36 1590
1609085097951 36 1590
1609085127589 37 1633
1609085127607 37 1633
1609085157202 38 1676
1609085157220 38 1676
1609085186737 39 1719
1609085186753 39 1719
1609085216084 40 1762
1609085216100 40 1762
1609085245478 41 1805
1609085245493 41 1805
1609085275028 42 1848
1609085275043 42 1848
1609085305044 43 1891
1609085305060 43 1891
1609085334622 44 1934
1609085334640 44 1934
1609085364110 45 1977
1609085364125 45 1977
1609085393684 46 2020
1609085393700 46 2020
1609085424324 47 2063
1609085424340 47 2063
1609085454180 48 2106
1609085454197 48 2106
1609085483556 49 2149
1609085483576 49 2149
1609085513119 50 2192
1609085513138 50 2192
1609085542575 51 2235
1609085542591 51 2235
1609085571812 52 2278
1609085571830 52 2278
1609085601477 53 2321
1609085601494 53 2321
1609085630859 54 2364
1609085630876 54 2364
1609085660399 55 2407
1609085660416 55 2407
1609085689767 56 2450
1609085689782 56 2450
1609085719029 57 2493
1609085719046 57 2493
1609085748151 58 2536
1609085748167 58 2536
1609085777504 59 2579
1609085777522 59 2579
1609085806930 60 2622
1609085806949 60 2622
1609085836572 61 2665
1609085836590 61 2665
1609085865952 62 2708
1609085865967 62 2708
1609085895353 63 2751
1609085895368 63 2751
1609085924515 64 2794
1609085924531 64 2794
1609085954216 65 2837
1609085954233 65 2837
1609085983666 66 2880
1609085983684 66 2880
1609086013075 67 2923
1609086013097 67 2923
1609086042573 68 2966
1609086042591 68 2966
1609086071933 69 3009
1609086071952 69 3009
1609086101238 70 3052
1609086101255 70 3052
1609086130778 71 3095
1609086130797 71 3095
1609086159975 72 3138
1609086159990 72 3138
1609086189587 73 3181
1609086189604 73 3181
1609086219206 74 3224
1609086219220 74 3224
1609086248489 75 3267
1609086248504 75 3267
1609086278068 76 3310
1609086278088 76 3310
1609086307705 77 3353
1609086307720 77 3353
1609086337441 78 3396
1609086337460 78 3396
1609086366705 79 3439
1609086366721 79 3439
1609086396127 80 3482
1609086396145 80 3482
1609086426005 81 3525
1609086426023 81 3525
1609086455358 82 3568
1609086455376 82 3568
1609086484894 83 3611
1609086484909 83 3611
1609086514205 84 3654
1609086514219 84 3654
1609086543567 85 3697
1609086543583 85 3697
1609086572845 86 3740
1609086572860 86 3740
1609086602198 87 3783
1609086602215 87 3783
1609086632049 88 3826
1609086632067 88 3826
1609086661532 89 3869
1609086661548 89 3869
1609086691135 90 3912
1609086691151 90 3912
1609086720468 91 3955
1609086720485 91 3955
1609086749651 92 3998
1609086749667 92 3998
1609086779170 93 4041
1609086779191 93 4041
1609086808623 94 4084
1609086808640 94 4084
1609086838011 95 4127
1609086838027 95 4127
1609086867398 96 4170
1609086867414 96 4170
1609086896525 97 4213
1609086896543 97 4213
1609086925933 98 4256
1609086925953 98 4256
1609086955454 99 4299
1609086955469 99 4299
