1608738814320 0 48
1608738815269 0 48
1608738983441 1 97
1608738983517 1 97
1608739150827 2 146
1608739151805 2 146
1608739320873 3 195
1608739320902 3 195
1608739489130 4 244
1608739490302 4 244
1608739659230 5 293
1608739660216 5 293
1608739829941 6 342
1608739831145 6 342
1608739999880 7 391
1608740000909 7 391
1608740170906 8 440
1608740172106 8 440
1608740342116 9 489
1608740343139 9 489
1608740512004 10 538
1608740513691 10 538
1608740684153 11 587
1608740685184 11 587
1608740854592 12 636
1608740854620 12 636
1608741024249 13 685
1608741025268 13 685
1608741196422 14 734
1608741196452 14 734
1608741367485 15 783
1608741367513 15 783
1608741536881 16 832
1608741536913 16 832
1608741709035 17 881
1608741709062 17 881
1608741879768 18 930
1608741879798 18 930
1608742052900 19 979
1608742052943 19 979
1608742224157 20 1028
1608742224186 20 1028
1608742396591 21 1077
1608742396620 21 1077
1608742568670 22 1126
1608742569855 22 1126
1608742742420 23 1175
1608742743713 23 1175
1608742915351 24 1224
1608742915381 24 1224
1608743087434 25 1273
1608743088451 25 1273
1608743261007 26 1322
1608743262026 26 1322
1608743433491 27 1371
1608743434489 27 1371
1608743603625 28 1420
1608743604716 28 1420
1608743773007 29 1469
1608743774179 29 1469
1608743946934 30 1518
1608743946962 30 1518
1608744113901 31 1567
1608744113932 31 1567
1608744282256 32 1616
1608744283236 32 1616
1608744452903 33 1665
1608744452930 33 1665
1608744621167 34 1714
1608744621208 34 1714
1608744789591 35 1763
1608744789619 35 1763
1608744956922 36 1812
1608744957022 36 1812
1608745127058 37 1861
1608745127094 37 1861
1608745294450 38 1910
1608745294479 38 1910
1608745462779 39 1959
1608745462819 39 1959
1608745630709 40 2008
1608745630738 40 2008
1608745799453 41 2057
1608745799482 41 2057
1608745967592 42 2106
1608745967637 42 2106
1608746135778 43 2155
1608746135806 43 2155
1608746304836 44 2204
1608746304865 44 2204
1608746473495 45 2253
1608746473524 45 2253
1608746640690 46 2302
1608746641693 46 2302
1608746806053 47 2351
1608746806080 47 2351
1608746970050 48 2400
1608746971048 48 2400
1608747134442 49 2449
1608747134515 49 2449
1608747299204 50 2498
1608747299232 50 2498
1608747462375 51 2547
1608747462403 51 2547
1608747626877 52 2596
1608747626903 52 2596
1608747790247 53 2645
1608747790278 53 2645
1608747952924 54 2694
1608747952964 54 2694
1608748115791 55 2743
1608748115819 55 2743
1608748278912 56 2792
1608748278956 56 2792
1608748442110 57 2841
1608748442145 57 2841
1608748604483 58 2890
1608748604512 58 2890
1608748768467 59 2939
1608748768494 59 2939
1608748932143 60 2988
1608748932171 60 2988
1608749095455 61 3037
1608749095489 61 3037
1608749257682 62 3086
1608749257724 62 3086
1608749421327 63 3135
1608749421354 63 3135
1608749584589 64 3184
1608749584616 64 3184
1608749747311 65 3233
1608749747338 65 3233
1608749910653 66 3282
1608749910681 66 3282
1608750073741 67 3331
1608750073768 67 3331
1608750235615 68 3380
1608750235642 68 3380
1608750398801 69 3429
1608750398828 69 3429
1608750561890 70 3478
1608750561916 70 3478
1608750725762 71 3527
1608750725792 71 3527
1608750892160 72 3576
1608750892202 72 3576
1608751056949 73 3625
1608751056977 73 3625
1608751221277 74 3674
1608751221304 74 3674
1608751385745 75 3723
1608751385772 75 3723
1608751549651 76 3772
1608751549678 76 3772
1608751714378 77 3821
1608751714404 77 3821
1608751879259 78 3870
1608751879290 78 3870
1608752044483 79 3919
1608752044519 79 3919
