1608738815269 0.23375143110752106 48
1608738983517 0.2676354646682739 97
1608739151805 0.30979445576667786 146
1608739320902 0.32585644721984863 195
1608739490302 0.332203209400177 244
1608739660216 0.39628008008003235 293
1608739831145 0.42068684101104736 342
1608740000909 0.43782562017440796 391
1608740172106 0.4640767574310303 440
1608740343139 0.48857244849205017 489
1608740513691 0.4772282540798187 538
1608740685184 0.49212515354156494 587
1608740854620 0.49539637565612793 636
1608741025268 0.48693135380744934 685
1608741196452 0.473044216632843 734
1608741367513 0.44982731342315674 783
1608741536913 0.46880581974983215 832
1608741709062 0.4753061830997467 881
1608741879798 0.48861607909202576 930
1608742052943 0.4920204281806946 979
1608742224186 0.5092564225196838 1028
1608742396620 0.5179827809333801 1077
1608742569855 0.5760329365730286 1126
1608742743713 0.5884511470794678 1175
1608742915381 0.6121341586112976 1224
1608743088451 0.6465993523597717 1273
1608743262026 0.6790046691894531 1322
1608743434489 0.7275325059890747 1371
1608743604716 0.7353152632713318 1420
1608743774179 0.7396702170372009 1469
1608743946962 0.763917863368988 1518
1608744113932 0.7624358534812927 1567
1608744283236 0.7552803158760071 1616
1608744452930 0.7639530897140503 1665
1608744621208 0.7383232712745667 1714
1608744789619 0.7251203656196594 1763
1608744957022 0.7037753462791443 1812
1608745127094 0.683408796787262 1861
1608745294479 0.6788462400436401 1910
1608745462819 0.6743998527526855 1959
1608745630738 0.7012029886245728 2008
1608745799482 0.7363279461860657 2057
1608745967637 0.704759418964386 2106
1608746135806 0.7522461414337158 2155
1608746304865 0.7982317209243774 2204
1608746473524 0.7969207763671875 2253
1608746641693 0.8279699087142944 2302
1608746806080 0.8520638346672058 2351
1608746971048 0.8651173710823059 2400
1608747134515 0.8950380682945251 2449
1608747299232 0.8711056113243103 2498
1608747462403 0.880006730556488 2547
1608747626903 0.8826024532318115 2596
1608747790278 0.8825579285621643 2645
1608747952964 0.8692618608474731 2694
1608748115819 0.876811146736145 2743
1608748278956 0.8402135968208313 2792
1608748442145 0.8327310681343079 2841
1608748604512 0.7917428016662598 2890
1608748768494 0.7955597639083862 2939
1608748932171 0.821067750453949 2988
1608749095489 0.8130373358726501 3037
1608749257724 0.8441088795661926 3086
1608749421354 0.8406881093978882 3135
1608749584616 0.8596842288970947 3184
1608749747338 0.8932034969329834 3233
1608749910681 0.8957511782646179 3282
1608750073768 0.9115382432937622 3331
1608750235642 0.9205408096313477 3380
1608750398828 0.9335110187530518 3429
1608750561916 0.9300835132598877 3478
1608750725792 0.9343121647834778 3527
1608750892202 0.9242043495178223 3576
1608751056977 0.9310579299926758 3625
1608751221304 0.923457145690918 3674
1608751385772 0.916765034198761 3723
1608751549678 0.8539699912071228 3772
1608751714404 0.8742260336875916 3821
1608751879290 0.8643051981925964 3870
1608752044519 0.7991587519645691 3919
