1608738815269 1.271272897720337 48
1608738983517 1.1496950387954712 97
1608739151805 1.0856741666793823 146
1608739320902 1.0420632362365723 195
1608739490302 1.059216856956482 244
1608739660216 0.9630444645881653 293
1608739831145 0.9197524189949036 342
1608740000909 0.8796982765197754 391
1608740172106 0.8225675821304321 440
1608740343139 0.792932391166687 489
1608740513691 0.791505753993988 538
1608740685184 0.7929214239120483 587
1608740854620 0.8063507080078125 636
1608741025268 0.8092218637466431 685
1608741196452 0.8161424398422241 734
1608741367513 0.8599922060966492 783
1608741536913 0.8661772012710571 832
1608741709062 0.8395334482192993 881
1608741879798 0.819599449634552 930
1608742052943 0.8099278211593628 979
1608742224186 0.7659496665000916 1028
1608742396620 0.7426592111587524 1077
1608742569855 0.6560882329940796 1126
1608742743713 0.6500322222709656 1175
1608742915381 0.6060165762901306 1224
1608743088451 0.5645735859870911 1273
1608743262026 0.47534140944480896 1322
1608743434489 0.4235306680202484 1371
1608743604716 0.38843077421188354 1420
1608743774179 0.3816787600517273 1469
1608743946962 0.3628542423248291 1518
1608744113932 0.361246258020401 1567
1608744283236 0.36474645137786865 1616
1608744452930 0.3586738109588623 1665
1608744621208 0.3960121273994446 1714
1608744789619 0.41489192843437195 1763
1608744957022 0.4575998783111572 1812
1608745127094 0.49521270394325256 1861
1608745294479 0.56346195936203 1910
1608745462819 0.5368232727050781 1959
1608745630738 0.4700084328651428 2008
1608745799482 0.43512481451034546 2057
1608745967637 0.4899219572544098 2106
1608746135806 0.3999420404434204 2155
1608746304865 0.3339899480342865 2204
1608746473524 0.32504844665527344 2253
1608746641693 0.2583019435405731 2302
1608746806080 0.2192901372909546 2351
1608746971048 0.18791912496089935 2400
1608747134515 0.1679665893316269 2449
1608747299232 0.1833934783935547 2498
1608747462403 0.17896345257759094 2547
1608747626903 0.1723945587873459 2596
1608747790278 0.17661049962043762 2645
1608747952964 0.17893236875534058 2694
1608748115819 0.18981094658374786 2743
1608748278956 0.23530714213848114 2792
1608748442145 0.2845578193664551 2841
1608748604512 0.3353142738342285 2890
1608748768494 0.3254885673522949 2939
1608748932171 0.2935905158519745 2988
1608749095489 0.2966401278972626 3037
1608749257724 0.26353374123573303 3086
1608749421354 0.26720014214515686 3135
1608749584616 0.21499092876911163 3184
1608749747338 0.17781323194503784 3233
1608749910681 0.14352308213710785 3282
1608750073768 0.13513706624507904 3331
1608750235642 0.11920754611492157 3380
1608750398828 0.10416100174188614 3429
1608750561916 0.1048445999622345 3478
1608750725792 0.10576174408197403 3527
1608750892202 0.10117857903242111 3576
1608751056977 0.09972240775823593 3625
1608751221304 0.1037323996424675 3674
1608751385772 0.13379880785942078 3723
1608751549678 0.25267401337623596 3772
1608751714404 0.22311532497406006 3821
1608751879290 0.23630169034004211 3870
1608752044519 0.3504857122898102 3919
