1609435219217 0.22416143119335175 48
1609435253102 0.23170937597751617 97
1609435286687 0.2517203688621521 146
1609435320390 0.2688884735107422 195
1609435353797 0.29564210772514343 244
1609435387366 0.30763229727745056 293
1609435421025 0.3121018409729004 342
1609435454720 0.34666016697883606 391
1609435488357 0.3761211037635803 440
1609435522215 0.3787033259868622 489
1609435555428 0.3589473366737366 538
1609435589099 0.3891772925853729 587
1609435622878 0.4139544367790222 636
1609435655983 0.3337882161140442 685
1609435689253 0.3968784809112549 734
1609435722472 0.3155154883861542 783
1609435755711 0.3690267503261566 832
1609435789176 0.34359627962112427 881
1609435822523 0.3479074537754059 930
1609435855627 0.32113808393478394 979
1609435888852 0.3942606449127197 1028
1609435922010 0.3597005307674408 1077
1609435955409 0.3920239210128784 1126
1609435989015 0.41162654757499695 1175
1609436022183 0.4091966450214386 1224
1609436055926 0.4562387764453888 1273
1609436089565 0.4844653606414795 1322
1609436123149 0.4622882604598999 1371
1609436156725 0.4917449355125427 1420
1609436190416 0.5630565881729126 1469
1609436223598 0.4571528136730194 1518
1609436257282 0.4877835512161255 1567
1609436290381 0.4906252920627594 1616
1609436323606 0.49260926246643066 1665
1609436356825 0.4589228630065918 1714
1609436390220 0.48507827520370483 1763
1609436423538 0.4833577275276184 1812
1609436456755 0.49621275067329407 1861
1609436490082 0.44121500849723816 1910
1609436523271 0.4855361580848694 1959
