1609386436615 0.2519778609275818 48
1609386466302 0.3523671627044678 97
1609386496013 0.4422743618488312 146
1609386525257 0.48142072558403015 195
1609386554583 0.5275731682777405 244
1609386584530 0.5640588998794556 293
1609386614314 0.6131277680397034 342
1609386644280 0.6419201493263245 391
1609386674106 0.6672210693359375 440
1609386703942 0.6943516731262207 489
1609386733699 0.6972687244415283 538
1609386763590 0.6960281729698181 587
1609386793556 0.6961919665336609 636
1609386822996 0.6925218105316162 685
1609386852423 0.6784728169441223 734
1609386882056 0.6545212864875793 783
1609386911631 0.6754289269447327 832
1609386941207 0.6549152135848999 881
1609386970838 0.668140172958374 930
1609387000390 0.6749106049537659 979
1609387029918 0.7032920718193054 1028
1609387059361 0.7027866840362549 1077
1609387089007 0.7248457074165344 1126
1609387118585 0.7445123791694641 1175
1609387148589 0.7781128883361816 1224
1609387178041 0.8109307289123535 1273
1609387207448 0.8401338458061218 1322
1609387237303 0.8667623400688171 1371
1609387267388 0.89101243019104 1420
1609387296913 0.8987916707992554 1469
