1609620419138 3.026928424835205 48
1609620511573 2.7359209060668945 97
1609620603867 2.481849431991577 146
1609620695664 2.287822723388672 195
1609620786884 2.096133232116699 244
1609620878976 1.9823038578033447 293
1609620970180 1.7331795692443848 342
1609621063005 1.5382132530212402 391
1609621154831 1.4346247911453247 440
1609621246924 1.3199430704116821 489
1609621337603 1.295507550239563 538
1609621429788 1.2916611433029175 587
1609621522219 1.3025810718536377 636
1609621612544 1.3118674755096436 685
1609621704759 1.4087212085723877 734
1609621797420 1.4806519746780396 783
1609621889106 1.5469814538955688 832
1609621980869 1.5447595119476318 881
1609622072966 1.448464274406433 930
1609622165189 1.53434157371521 979
1609622257090 1.506779670715332 1028
1609622349572 1.4056453704833984 1077
1609622440273 1.2195693254470825 1126
1609622531115 1.1352019309997559 1175
1609622624315 0.9404177069664001 1224
1609622716088 0.8279439210891724 1273
1609622808553 0.6851266622543335 1322
1609622900352 0.5577660202980042 1371
1609622992176 0.45518958568573 1420
1609623083797 0.43000054359436035 1469
