1609694579106 3.031874656677246 48
1609694662615 2.792837619781494 97
1609694746609 2.619799852371216 146
1609694829992 2.464907646179199 195
1609694912469 2.3270578384399414 244
1609694995085 2.1853370666503906 293
1609695077337 1.9449282884597778 342
1609695160742 1.8009387254714966 391
1609695245220 1.6239835023880005 440
1609695329325 1.5653059482574463 489
1609695412909 1.5129867792129517 538
1609695497417 1.5047098398208618 587
1609695580738 1.544634222984314 636
1609695663320 1.5270441770553589 685
1609695746183 1.6068742275238037 734
1609695828894 1.6913032531738281 783
1609695909993 1.77448308467865 832
1609695992834 1.729932188987732 881
1609696075770 1.7186790704727173 930
1609696158950 1.7677879333496094 979
1609696241602 1.6343276500701904 1028
1609696323983 1.6928596496582031 1077
1609696406127 1.5544975996017456 1126
1609696489136 1.4096808433532715 1175
1609696572034 1.2366390228271484 1224
1609696655001 1.1634680032730103 1273
1609696737114 1.0178942680358887 1322
1609696819778 0.8800309300422668 1371
1609696902565 0.8290373682975769 1420
1609696985171 0.7512681484222412 1469
