1609491478981 0.24967405200004578 48
1609491512818 0.3218325674533844 97
1609491546382 0.3999115824699402 146
1609491580289 0.4332553744316101 195
1609491614297 0.49034449458122253 244
1609491648394 0.5480203032493591 293
1609491682443 0.5763155221939087 342
1609491716356 0.6198744177818298 391
1609491750392 0.6587170362472534 440
1609491784456 0.6832667589187622 489
1609491818664 0.6828724145889282 538
1609491852776 0.6808506846427917 587
1609491886842 0.6867148876190186 636
1609491920482 0.6736463308334351 685
1609491954216 0.6898842453956604 734
1609491987934 0.6606700420379639 783
1609492021874 0.6854016780853271 832
1609492055501 0.678374171257019 881
1609492089080 0.7038283348083496 930
1609492122760 0.6911316514015198 979
1609492156734 0.7264171838760376 1028
1609492190396 0.7489854097366333 1077
1609492224576 0.7757359743118286 1126
1609492258121 0.7993857264518738 1175
1609492292485 0.8203880786895752 1224
1609492326719 0.8446357846260071 1273
1609492360555 0.8712412714958191 1322
1609492395200 0.8902075886726379 1371
1609492429444 0.9091264009475708 1420
1609492463930 0.9180171489715576 1469
1609492497811 0.9147225022315979 1518
1609492531956 0.9157942533493042 1567
1609492565851 0.9194743037223816 1616
1609492599753 0.9066953659057617 1665
1609492633614 0.9033180475234985 1714
1609492667310 0.8855821490287781 1763
1609492700959 0.8636187314987183 1812
1609492734686 0.8779618740081787 1861
1609492768573 0.8574053049087524 1910
1609492802246 0.8425580859184265 1959
