1609351473061 0.26159989833831787 48
1609351506790 0.3915945589542389 97
1609351540864 0.48706480860710144 146
1609351574674 0.5431637763977051 195
1609351608640 0.6077943444252014 244
1609351642082 0.6597427129745483 293
1609351675815 0.713034987449646 342
1609351709658 0.7559109330177307 391
1609351743644 0.7776947021484375 440
1609351777655 0.8103824257850647 489
1609351811359 0.8182467818260193 538
1609351845066 0.800722062587738 587
1609351878841 0.8178139925003052 636
1609351912600 0.8088163733482361 685
1609351945871 0.7972124218940735 734
1609351979287 0.7730711698532104 783
1609352012710 0.7896171808242798 832
1609352045994 0.7533888220787048 881
1609352079225 0.7822919487953186 930
1609352112896 0.7636783719062805 979
1609352146143 0.7780839204788208 1028
1609352179439 0.8029088377952576 1077
1609352212742 0.8235431909561157 1126
1609352246075 0.843773365020752 1175
1609352279424 0.8596717715263367 1224
1609352312728 0.8843302726745605 1273
1609352346446 0.9179063439369202 1322
1609352380361 0.9379597902297974 1371
1609352414171 0.9454925060272217 1420
1609352447847 0.9507090449333191 1469
