1609433787720 0 48
1609433787729 0 48
1609433821132 1 97
1609433821141 1 97
1609433855204 2 146
1609433855213 2 146
1609433888837 3 195
1609433888846 3 195
1609433922612 4 244
1609433922620 4 244
1609433956363 5 293
1609433956372 5 293
1609433990412 6 342
1609433990421 6 342
1609434024186 7 391
1609434024195 7 391
1609434057985 8 440
1609434057994 8 440
1609434091769 9 489
1609434091777 9 489
1609434125330 10 538
1609434125340 10 538
1609434159041 11 587
1609434159050 11 587
1609434192297 12 636
1609434192305 12 636
1609434225612 13 685
1609434225622 13 685
1609434259082 14 734
1609434259090 14 734
1609434292491 15 783
1609434292500 15 783
1609434325942 16 832
1609434325950 16 832
1609434359230 17 881
1609434359240 17 881
1609434392433 18 930
1609434392441 18 930
1609434425846 19 979
1609434425858 19 979
1609434459380 20 1028
1609434459388 20 1028
1609434492737 21 1077
1609434492751 21 1077
1609434526265 22 1126
1609434526276 22 1126
1609434559962 23 1175
1609434559970 23 1175
1609434593480 24 1224
1609434593490 24 1224
1609434627259 25 1273
1609434627268 25 1273
1609434661182 26 1322
1609434661190 26 1322
1609434694901 27 1371
1609434694910 27 1371
1609434728937 28 1420
1609434728945 28 1420
1609434762642 29 1469
1609434762650 29 1469
1609434796331 30 1518
1609434796341 30 1518
1609434830261 31 1567
1609434830269 31 1567
1609434863815 32 1616
1609434863828 32 1616
1609434897193 33 1665
1609434897201 33 1665
1609434930750 34 1714
1609434930759 34 1714
1609434963934 35 1763
1609434963944 35 1763
1609434997370 36 1812
1609434997380 36 1812
1609435030610 37 1861
1609435030619 37 1861
1609435063958 38 1910
1609435063967 38 1910
1609435097183 39 1959
1609435097195 39 1959
