1609165142060 0 48
1609165142070 0 48
1609165175642 1 97
1609165175652 1 97
1609165209299 2 146
1609165209309 2 146
1609165242876 3 195
1609165242889 3 195
1609165276520 4 244
1609165276531 4 244
1609165310054 5 293
1609165310065 5 293
1609165343566 6 342
1609165343576 6 342
1609165377274 7 391
1609165377284 7 391
1609165410834 8 440
1609165410844 8 440
1609165444554 9 489
1609165444565 9 489
1609165477750 10 538
1609165477762 10 538
1609165511503 11 587
1609165511514 11 587
1609165544649 12 636
1609165544660 12 636
1609165577936 13 685
1609165577946 13 685
1609165611139 14 734
1609165611153 14 734
1609165644328 15 783
1609165644340 15 783
1609165677646 16 832
1609165677659 16 832
1609165710966 17 881
1609165710976 17 881
1609165744250 18 930
1609165744265 18 930
1609165777530 19 979
1609165777540 19 979
1609165810818 20 1028
1609165810829 20 1028
1609165844082 21 1077
1609165844095 21 1077
1609165877388 22 1126
1609165877401 22 1126
1609165910585 23 1175
1609165910596 23 1175
1609165943857 24 1224
1609165943867 24 1224
1609165977541 25 1273
1609165977551 25 1273
1609166011116 26 1322
1609166011127 26 1322
1609166044450 27 1371
1609166044462 27 1371
1609166078171 28 1420
1609166078182 28 1420
1609166111430 29 1469
1609166111442 29 1469
