1609401409318 0.2135610729455948 48
1609401439522 0.23494365811347961 97
1609401469677 0.22952502965927124 146
1609401499273 0.23893213272094727 195
1609401529010 0.23020465672016144 244
1609401559045 0.33413007855415344 293
1609401589048 0.3008151352405548 342
1609401619127 0.3682611584663391 391
1609401649342 0.3632242679595947 440
1609401679503 0.4290565550327301 489
1609401709375 0.3905610144138336 538
1609401739476 0.35928621888160706 587
1609401769663 0.39215341210365295 636
1609401799322 0.36804720759391785 685
1609401829024 0.37361830472946167 734
1609401858913 0.3469711244106293 783
1609401888711 0.3454527258872986 832
1609401918358 0.33959871530532837 881
1609401948051 0.3307141959667206 930
1609401977782 0.4253289997577667 979
1609402007413 0.3826858401298523 1028
1609402037163 0.36430633068084717 1077
1609402066861 0.38770878314971924 1126
1609402096996 0.4457227885723114 1175
1609402127045 0.43516626954078674 1224
1609402157154 0.47513681650161743 1273
1609402187261 0.4938192367553711 1322
1609402217536 0.4731018841266632 1371
1609402247660 0.49676042795181274 1420
1609402277803 0.4462592601776123 1469
