1609433787729 3.0623223781585693 48
1609433821141 2.7877259254455566 97
1609433855213 2.635674476623535 146
1609433888846 2.519680976867676 195
1609433922620 2.4539952278137207 244
1609433956372 2.2564570903778076 293
1609433990421 2.087519884109497 342
1609434024195 1.9843318462371826 391
1609434057994 1.8186969757080078 440
1609434091777 1.770779013633728 489
1609434125340 1.736329197883606 538
1609434159050 1.7377954721450806 587
1609434192305 1.6307909488677979 636
1609434225622 1.7550214529037476 685
1609434259090 1.8047298192977905 734
1609434292500 1.877872109413147 783
1609434325950 1.9529765844345093 832
1609434359240 1.9844051599502563 881
1609434392441 1.9678300619125366 930
1609434425858 1.9390932321548462 979
1609434459388 1.878190279006958 1028
1609434492751 1.6905831098556519 1077
1609434526276 1.6656216382980347 1126
1609434559970 1.5226279497146606 1175
1609434593490 1.4630379676818848 1224
1609434627268 1.4740396738052368 1273
1609434661190 1.2196717262268066 1322
1609434694910 1.1887590885162354 1371
1609434728945 0.9288867115974426 1420
1609434762650 0.9612059593200684 1469
1609434796341 1.0095754861831665 1518
1609434830269 0.8007721304893494 1567
1609434863828 0.8680652976036072 1616
1609434897201 0.967351496219635 1665
1609434930759 0.8937848210334778 1714
1609434963944 1.1352847814559937 1763
1609434997380 1.2219781875610352 1812
1609435030619 1.213419795036316 1861
1609435063967 1.303769826889038 1910
1609435097195 1.2776424884796143 1959
