1609404294679 0.2156233936548233 48
1609404324779 0.2612104117870331 97
1609404354966 0.27609705924987793 146
1609404385292 0.3111589252948761 195
1609404415528 0.3294719457626343 244
1609404445748 0.3918622136116028 293
1609404476120 0.3362795114517212 342
1609404506438 0.40238702297210693 391
1609404536858 0.44221174716949463 440
1609404567135 0.4376995265483856 489
1609404597483 0.4429841935634613 538
1609404627713 0.3653477132320404 587
1609404658028 0.42576754093170166 636
1609404688038 0.4960026741027832 685
1609404717821 0.4736306667327881 734
1609404747757 0.4480399489402771 783
1609404777475 0.420687735080719 832
1609404807243 0.42787909507751465 881
1609404837144 0.38460397720336914 930
1609404867188 0.4112713932991028 979
1609404896873 0.5068866014480591 1028
1609404927153 0.47526562213897705 1077
1609404956996 0.4323573410511017 1126
1609404987019 0.5357624888420105 1175
1609405017442 0.45414814352989197 1224
1609405047992 0.522169828414917 1273
1609405078562 0.4351211190223694 1322
1609405109130 0.5292868614196777 1371
1609405139504 0.5076269507408142 1420
1609405169155 0.5051907300949097 1469
