1609667918658 3.0630791187286377 48
1609668000586 2.8947136402130127 97
1609668082670 2.8312883377075195 146
1609668165826 2.7357161045074463 195
1609668249325 2.6819498538970947 244
1609668332365 2.5312514305114746 293
1609668413808 2.386467933654785 342
1609668496486 2.2795796394348145 391
1609668578933 2.2321157455444336 440
1609668661607 2.138723850250244 489
1609668743385 2.0522139072418213 538
1609668825909 2.0378644466400146 587
1609668908544 2.0414669513702393 636
1609668990849 2.0712382793426514 685
1609669073805 2.1898326873779297 734
1609669155902 2.0706756114959717 783
1609669238181 2.0388219356536865 832
1609669322091 2.093766212463379 881
1609669405348 2.1575043201446533 930
1609669488400 2.0636751651763916 979
1609669570482 1.996402382850647 1028
1609669652375 1.916716456413269 1077
1609669735262 1.806640863418579 1126
1609669817298 1.7064369916915894 1175
1609669899992 1.5120614767074585 1224
1609669983034 1.510373830795288 1273
1609670065654 1.1739511489868164 1322
1609670149045 1.2144834995269775 1371
1609670231418 0.9601420164108276 1420
1609670314760 1.0729807615280151 1469
