1609700427442 0.21826893091201782 48
1609700510800 0.25462087988853455 97
1609700592651 0.308068186044693 146
1609700675493 0.32608461380004883 195
1609700758567 0.38328248262405396 244
1609700840810 0.42956510186195374 293
1609700924268 0.4836813807487488 342
1609701006657 0.5152730345726013 391
1609701088549 0.5444777607917786 440
1609701171479 0.5667688846588135 489
1609701253065 0.586540937423706 538
1609701335746 0.5806008577346802 587
1609701416956 0.5752355456352234 636
1609701499113 0.5696264505386353 685
1609701582021 0.5515213012695312 734
1609701663333 0.5668081641197205 783
1609701745202 0.5593915581703186 832
1609701826760 0.5641249418258667 881
1609701908297 0.539358377456665 930
1609701990328 0.5553184151649475 979
1609702072304 0.5889424085617065 1028
1609702153900 0.5777480006217957 1077
1609702235753 0.6176979541778564 1126
1609702316964 0.6230617761611938 1175
1609702400336 0.6479370594024658 1224
1609702483248 0.673963725566864 1273
1609702565868 0.6981250643730164 1322
1609702648821 0.7242379188537598 1371
1609702732200 0.7497537732124329 1420
1609702813477 0.753716766834259 1469
