1609387387389 3.022780656814575 48
1609387417033 2.8495705127716064 97
1609387447196 2.7818548679351807 146
1609387477296 2.620241403579712 195
1609387506973 2.5580339431762695 244
1609387537099 2.3300156593322754 293
1609387567192 2.228586435317993 342
1609387597402 2.055574655532837 391
1609387627582 1.9150007963180542 440
1609387657709 1.9012298583984375 489
1609387687934 1.840743899345398 538
1609387718103 1.8217909336090088 587
1609387748258 1.8437635898590088 636
1609387777896 1.883359670639038 685
1609387807755 1.9640281200408936 734
1609387837660 2.0118343830108643 783
1609387867469 1.991735816001892 832
1609387897164 2.0137133598327637 881
1609387927206 2.024240255355835 930
1609387957082 1.939650535583496 979
1609387986915 1.9837355613708496 1028
1609388016788 1.886344075202942 1077
1609388046689 1.782854437828064 1126
1609388076541 1.6877951622009277 1175
1609388106684 1.5395262241363525 1224
1609388136912 1.4171572923660278 1273
1609388167193 1.2775851488113403 1322
1609388197370 1.079239010810852 1371
1609388227622 1.0409075021743774 1420
1609388257711 0.9672754406929016 1469
