1609386436615 3.0268709659576416 48
1609386466302 2.7279767990112305 97
1609386496013 2.528395175933838 146
1609386525257 2.3486976623535156 195
1609386554583 2.1584997177124023 244
1609386584530 2.032839775085449 293
1609386614314 1.8506227731704712 342
1609386644280 1.721642017364502 391
1609386674106 1.5988212823867798 440
1609386703942 1.4725714921951294 489
1609386733699 1.4685686826705933 538
1609386763590 1.4785131216049194 587
1609386793556 1.5131287574768066 636
1609386822996 1.5171655416488647 685
1609386852423 1.6442058086395264 734
1609386882056 1.7171523571014404 783
1609386911631 1.6732851266860962 832
1609386941207 1.7755639553070068 881
1609386970838 1.7855994701385498 930
1609387000390 1.6854568719863892 979
1609387029918 1.597326636314392 1028
1609387059361 1.6766324043273926 1077
1609387089007 1.5219582319259644 1126
1609387118585 1.428112506866455 1175
1609387148589 1.272402048110962 1224
1609387178041 1.0858420133590698 1273
1609387207448 0.9699852466583252 1322
1609387237303 0.7841419577598572 1371
1609387267388 0.6714105010032654 1420
1609387296913 0.6601601839065552 1469
