1609163071892 3.042903423309326 48
1609163117233 2.7095022201538086 97
1609163162648 2.5122523307800293 146
1609163208174 2.3273940086364746 195
1609163253432 2.1097142696380615 244
1609163298974 1.9159003496170044 293
1609163344550 1.7452813386917114 342
1609163390188 1.5571483373641968 391
1609163435824 1.3744441270828247 440
1609163481401 1.2725305557250977 489
1609163527080 1.2825318574905396 538
1609163572577 1.2850381135940552 587
1609163617794 1.28048837184906 636
1609163662933 1.3137544393539429 685
1609163708231 1.4449867010116577 734
1609163753478 1.5809608697891235 783
1609163798875 1.5482020378112793 832
1609163844186 1.609140157699585 881
1609163889452 1.6151522397994995 930
1609163934845 1.6297225952148438 979
1609163980037 1.5104680061340332 1028
1609164025272 1.4153361320495605 1077
1609164070516 1.2622191905975342 1126
1609164115886 1.1646405458450317 1175
1609164161616 1.0153642892837524 1224
1609164206975 0.9028629064559937 1273
1609164252290 0.7461278438568115 1322
1609164297973 0.5787976980209351 1371
1609164343226 0.4938322603702545 1420
1609164388513 0.4772924780845642 1469
