1609620419119 0 48
1609620419138 0 48
1609620511555 1 97
1609620511573 1 97
1609620603849 2 146
1609620603867 2 146
1609620695645 3 195
1609620695664 3 195
1609620786866 4 244
1609620786884 4 244
1609620878958 5 293
1609620878976 5 293
1609620970161 6 342
1609620970180 6 342
1609621062986 7 391
1609621063005 7 391
1609621154813 8 440
1609621154831 8 440
1609621246905 9 489
1609621246924 9 489
1609621337582 10 538
1609621337603 10 538
1609621429769 11 587
1609621429788 11 587
1609621522201 12 636
1609621522219 12 636
1609621612523 13 685
1609621612544 13 685
1609621704736 14 734
1609621704759 14 734
1609621797399 15 783
1609621797420 15 783
1609621889085 16 832
1609621889106 16 832
1609621980851 17 881
1609621980869 17 881
1609622072946 18 930
1609622072966 18 930
1609622165167 19 979
1609622165189 19 979
1609622257067 20 1028
1609622257090 20 1028
1609622349551 21 1077
1609622349572 21 1077
1609622440252 22 1126
1609622440273 22 1126
1609622531096 23 1175
1609622531115 23 1175
1609622624297 24 1224
1609622624315 24 1224
1609622716070 25 1273
1609622716088 25 1273
1609622808534 26 1322
1609622808553 26 1322
1609622900334 27 1371
1609622900352 27 1371
1609622992156 28 1420
1609622992176 28 1420
1609623083777 29 1469
1609623083797 29 1469
