1609349275819 0 48
1609349275829 0 48
1609349309153 1 97
1609349309165 1 97
1609349342641 2 146
1609349342652 2 146
1609349376834 3 195
1609349376844 3 195
1609349410756 4 244
1609349410766 4 244
1609349444125 5 293
1609349444135 5 293
1609349478036 6 342
1609349478046 6 342
1609349511986 7 391
1609349511996 7 391
1609349546046 8 440
1609349546056 8 440
1609349579899 9 489
1609349579909 9 489
1609349613750 10 538
1609349613760 10 538
1609349647578 11 587
1609349647587 11 587
1609349681128 12 636
1609349681142 12 636
1609349714794 13 685
1609349714804 13 685
1609349748229 14 734
1609349748239 14 734
1609349781560 15 783
1609349781571 15 783
1609349815030 16 832
1609349815041 16 832
1609349848617 17 881
1609349848626 17 881
1609349882222 18 930
1609349882233 18 930
1609349915533 19 979
1609349915544 19 979
1609349949149 20 1028
1609349949159 20 1028
1609349982659 21 1077
1609349982672 21 1077
1609350016335 22 1126
1609350016346 22 1126
1609350049788 23 1175
1609350049800 23 1175
1609350083512 24 1224
1609350083522 24 1224
1609350117634 25 1273
1609350117643 25 1273
1609350151414 26 1322
1609350151424 26 1322
1609350184776 27 1371
1609350184787 27 1371
1609350218770 28 1420
1609350218779 28 1420
1609350252111 29 1469
1609350252123 29 1469
