1609670840805 0 48
1609670840824 0 48
1609670923354 1 97
1609670923375 1 97
1609671006363 2 146
1609671006383 2 146
1609671089139 3 195
1609671089157 3 195
1609671171408 4 244
1609671171426 4 244
1609671254096 5 293
1609671254114 5 293
1609671336556 6 342
1609671336574 6 342
1609671420420 7 391
1609671420438 7 391
1609671503661 8 440
1609671503679 8 440
1609671586870 9 489
1609671586888 9 489
1609671670621 10 538
1609671670639 10 538
1609671753647 11 587
1609671753665 11 587
1609671836769 12 636
1609671836792 12 636
1609671917958 13 685
1609671917980 13 685
1609672001352 14 734
1609672001372 14 734
1609672084853 15 783
1609672084872 15 783
1609672167825 16 832
1609672167848 16 832
1609672250737 17 881
1609672250756 17 881
1609672334049 18 930
1609672334074 18 930
1609672416473 19 979
1609672416491 19 979
1609672498288 20 1028
1609672498309 20 1028
1609672582025 21 1077
1609672582046 21 1077
1609672664061 22 1126
1609672664079 22 1126
1609672746292 23 1175
1609672746313 23 1175
1609672828790 24 1224
1609672828813 24 1224
1609672911015 25 1273
1609672911033 25 1273
1609672994463 26 1322
1609672994481 26 1322
1609673076393 27 1371
1609673076415 27 1371
1609673160052 28 1420
1609673160070 28 1420
1609673243823 29 1469
1609673243841 29 1469
