1609614038980 3.0439839363098145 48
1609614130629 2.7495193481445312 97
1609614222028 2.5204429626464844 146
1609614315234 2.3274314403533936 195
1609614409164 2.1530849933624268 244
1609614502000 1.920957326889038 293
1609614594150 1.6837348937988281 342
1609614686415 1.5034680366516113 391
1609614779595 1.3565114736557007 440
1609614871769 1.2311941385269165 489
1609614965751 1.25433349609375 538
1609615058017 1.1989216804504395 587
1609615149670 1.2345178127288818 636
1609615241184 1.219682216644287 685
1609615333679 1.33468759059906 734
1609615425401 1.4473525285720825 783
1609615517658 1.4817394018173218 832
1609615608745 1.5203778743743896 881
1609615701815 1.4620121717453003 930
1609615795011 1.5043044090270996 979
1609615886361 1.2917181253433228 1028
1609615977921 1.3566429615020752 1077
1609616069576 1.172927975654602 1126
1609616162226 1.0178557634353638 1175
1609616254680 0.9748057723045349 1224
1609616346520 0.7600455284118652 1273
1609616440140 0.6230555772781372 1322
1609616531429 0.5214338898658752 1371
1609616624578 0.4460543990135193 1420
1609616717474 0.39827021956443787 1469
