1609435219217 3.051199436187744 48
1609435253102 2.914771556854248 97
1609435286687 2.8572943210601807 146
1609435320390 2.7261340618133545 195
1609435353797 2.739844799041748 244
1609435387366 2.630584478378296 293
1609435421025 2.565333127975464 342
1609435454720 2.5557596683502197 391
1609435488357 2.4730143547058105 440
1609435522215 2.3454906940460205 489
1609435555428 2.41090989112854 538
1609435589099 2.346424102783203 587
1609435622878 2.3151774406433105 636
1609435655983 2.408010959625244 685
1609435689253 2.400721788406372 734
1609435722472 2.5004026889801025 783
1609435755711 2.443298816680908 832
1609435789176 2.3889079093933105 881
1609435822523 2.5322415828704834 930
1609435855627 2.5195212364196777 979
1609435888852 2.475520372390747 1028
1609435922010 2.3630149364471436 1077
1609435955409 2.3909130096435547 1126
1609435989015 2.2684426307678223 1175
1609436022183 2.1870107650756836 1224
1609436055926 2.080655813217163 1273
1609436089565 2.033364772796631 1322
1609436123149 1.9253134727478027 1371
1609436156725 1.9209061861038208 1420
1609436190416 1.7828729152679443 1469
1609436223598 1.888525128364563 1518
1609436257282 1.7968335151672363 1567
1609436290381 1.8364695310592651 1616
1609436323606 1.8661448955535889 1665
1609436356825 1.9343183040618896 1714
1609436390220 2.068962812423706 1763
1609436423538 1.981864094734192 1812
1609436456755 2.048956871032715 1861
1609436490082 2.124519109725952 1910
1609436523271 2.1852424144744873 1959
