1609411857504 0.23402485251426697 48
1609411890431 0.3228610157966614 97
1609411923267 0.3885830044746399 146
1609411956120 0.40999406576156616 195
1609411988866 0.497594952583313 244
1609412021703 0.5281835198402405 293
1609412054457 0.5724915862083435 342
1609412087483 0.5720507502555847 391
1609412120275 0.5622466802597046 440
1609412153079 0.6699352264404297 489
1609412185845 0.624571681022644 538
1609412218737 0.6182394027709961 587
1609412251216 0.5323625802993774 636
1609412283693 0.5791173577308655 685
1609412316083 0.6018145680427551 734
1609412348418 0.584151566028595 783
1609412380801 0.5760596394538879 832
1609412413269 0.5938948392868042 881
1609412445681 0.6233094334602356 930
1609412478199 0.6222670078277588 979
1609412510739 0.5926952362060547 1028
1609412543295 0.6745167970657349 1077
1609412575902 0.6970537900924683 1126
1609412608396 0.6007395386695862 1175
1609412641238 0.7461243271827698 1224
1609412674184 0.6407899260520935 1273
1609412707100 0.7521937489509583 1322
1609412740056 0.7324373126029968 1371
1609412772898 0.6430535912513733 1420
1609412805880 0.7791520953178406 1469
1609412838496 0.7994880080223083 1518
1609412870901 0.8137242197990417 1567
1609412903450 0.7380174994468689 1616
1609412935974 0.6774935126304626 1665
1609412968494 0.815898597240448 1714
1609413000934 0.7168772220611572 1763
1609413033389 0.7395466566085815 1812
1609413065836 0.720155656337738 1861
1609413098377 0.7561960220336914 1910
1609413130882 0.6738288998603821 1959
1609413163284 0.7021889686584473 2008
1609413195731 0.7095916271209717 2057
1609413228330 0.7304854989051819 2106
1609413260771 0.7036107778549194 2155
1609413293325 0.7783046364784241 2204
1609413325916 0.691624104976654 2253
1609413358376 0.8201600313186646 2302
1609413390862 0.8117055892944336 2351
1609413423442 0.8065004348754883 2400
1609413455963 0.7285658121109009 2449
