1609670840824 3.031799793243408 48
1609670923375 2.772282838821411 97
1609671006383 2.5600109100341797 146
1609671089157 2.423154354095459 195
1609671171426 2.2306201457977295 244
1609671254114 2.024437189102173 293
1609671336574 1.8185782432556152 342
1609671420438 1.6502022743225098 391
1609671503679 1.505112886428833 440
1609671586888 1.4640798568725586 489
1609671670639 1.4609805345535278 538
1609671753665 1.4074411392211914 587
1609671836792 1.3372629880905151 636
1609671917980 1.4887017011642456 685
1609672001372 1.5724483728408813 734
1609672084872 1.63277268409729 783
1609672167848 1.7180180549621582 832
1609672250756 1.7313225269317627 881
1609672334074 1.6546545028686523 930
1609672416491 1.7329530715942383 979
1609672498309 1.6922225952148438 1028
1609672582046 1.5576647520065308 1077
1609672664079 1.4524132013320923 1126
1609672746313 1.1927658319473267 1175
1609672828813 1.288455843925476 1224
1609672911033 1.2371783256530762 1273
1609672994481 1.0545333623886108 1322
1609673076415 0.9798199534416199 1371
1609673160070 0.7616478204727173 1420
1609673243841 0.7846217155456543 1469
