1609404294665 0 48
1609404294679 0 48
1609404324767 1 97
1609404324779 1 97
1609404354953 2 146
1609404354966 2 146
1609404385274 3 195
1609404385292 3 195
1609404415515 4 244
1609404415528 4 244
1609404445735 5 293
1609404445748 5 293
1609404476107 6 342
1609404476120 6 342
1609404506426 7 391
1609404506438 7 391
1609404536844 8 440
1609404536858 8 440
1609404567122 9 489
1609404567135 9 489
1609404597470 10 538
1609404597483 10 538
1609404627700 11 587
1609404627713 11 587
1609404658015 12 636
1609404658028 12 636
1609404688024 13 685
1609404688038 13 685
1609404717806 14 734
1609404717821 14 734
1609404747742 15 783
1609404747757 15 783
1609404777462 16 832
1609404777475 16 832
1609404807231 17 881
1609404807243 17 881
1609404837128 18 930
1609404837144 18 930
1609404867173 19 979
1609404867188 19 979
1609404896860 20 1028
1609404896873 20 1028
1609404927139 21 1077
1609404927153 21 1077
1609404956977 22 1126
1609404956996 22 1126
1609404987003 23 1175
1609404987019 23 1175
1609405017429 24 1224
1609405017442 24 1224
1609405047978 25 1273
1609405047992 25 1273
1609405078549 26 1322
1609405078562 26 1322
1609405109117 27 1371
1609405109130 27 1371
1609405139492 28 1420
1609405139504 28 1420
1609405169140 29 1469
1609405169155 29 1469
