1609703331532 0 48
1609703331550 0 48
1609703412855 1 97
1609703412873 1 97
1609703496234 2 146
1609703496255 2 146
1609703578660 3 195
1609703578677 3 195
1609703660425 4 244
1609703660446 4 244
1609703742130 5 293
1609703742147 5 293
1609703824510 6 342
1609703824528 6 342
1609703906759 7 391
1609703906777 7 391
1609703988995 8 440
1609703989012 8 440
1609704070586 9 489
1609704070604 9 489
1609704152221 10 538
1609704152242 10 538
1609704234798 11 587
1609704234818 11 587
1609704317220 12 636
1609704317237 12 636
1609704399411 13 685
1609704399433 13 685
1609704480929 14 734
1609704480949 14 734
1609704562711 15 783
1609704562734 15 783
1609704644642 16 832
1609704644659 16 832
1609704726224 17 881
1609704726246 17 881
1609704807228 18 930
1609704807249 18 930
1609704889006 19 979
1609704889027 19 979
1609704971154 20 1028
1609704971177 20 1028
1609705053660 21 1077
1609705053683 21 1077
1609705135882 22 1126
1609705135903 22 1126
1609705218491 23 1175
1609705218508 23 1175
1609705301170 24 1224
1609705301188 24 1224
1609705383071 25 1273
1609705383089 25 1273
1609705465197 26 1322
1609705465215 26 1322
1609705547562 27 1371
1609705547586 27 1371
1609705630338 28 1420
1609705630357 28 1420
1609705713846 29 1469
1609705713864 29 1469
