1609614038980 0.2380267083644867 48
1609614130629 0.33319714665412903 97
1609614222028 0.4195204973220825 146
1609614315234 0.4952959418296814 195
1609614409164 0.555184543132782 244
1609614502000 0.6116982102394104 293
1609614594150 0.665090799331665 342
1609614686415 0.7097005248069763 391
1609614779595 0.7369554042816162 440
1609614871769 0.7618932127952576 489
1609614965751 0.7594913840293884 538
1609615058017 0.7666443586349487 587
1609615149670 0.7593913078308105 636
1609615241184 0.7738093137741089 685
1609615333679 0.7481805682182312 734
1609615425401 0.7380161881446838 783
1609615517658 0.7365733981132507 832
1609615608745 0.7254637479782104 881
1609615701815 0.7489885687828064 930
1609615795011 0.7469442486763 979
1609615886361 0.787388801574707 1028
1609615977921 0.7724900841712952 1077
1609616069576 0.8151288032531738 1126
1609616162226 0.8447833061218262 1175
1609616254680 0.8597807884216309 1224
1609616346520 0.8894622921943665 1273
1609616440140 0.905150830745697 1322
1609616531429 0.9210464954376221 1371
1609616624578 0.9360631704330444 1420
1609616717474 0.9441843628883362 1469
