1609387387389 0.2525079846382141 48
1609387417033 0.2871279716491699 97
1609387447196 0.29047533869743347 146
1609387477296 0.3600274622440338 195
1609387506973 0.38597527146339417 244
1609387537099 0.46057361364364624 293
1609387567192 0.49073344469070435 342
1609387597402 0.5470430850982666 391
1609387627582 0.5873679518699646 440
1609387657709 0.605160653591156 489
1609387687934 0.6012390851974487 538
1609387718103 0.6175868511199951 587
1609387748258 0.6077900528907776 636
1609387777896 0.6038959622383118 685
1609387807755 0.5832358598709106 734
1609387837660 0.5764866471290588 783
1609387867469 0.5949703454971313 832
1609387897164 0.586664617061615 881
1609387927206 0.585109531879425 930
1609387957082 0.6064743399620056 979
1609387986915 0.594426691532135 1028
1609388016788 0.6209673881530762 1077
1609388046689 0.6471428871154785 1126
1609388076541 0.6761083602905273 1175
1609388106684 0.7122575640678406 1224
1609388136912 0.7290711402893066 1273
1609388167193 0.7666991949081421 1322
1609388197370 0.7997291684150696 1371
1609388227622 0.8164919018745422 1420
1609388257711 0.8311978578567505 1469
