1609700427442 3.0305447578430176 48
1609700510800 2.857630491256714 97
1609700592651 2.691870927810669 146
1609700675493 2.5914900302886963 195
1609700758567 2.367598295211792 244
1609700840810 2.202317476272583 293
1609700924268 2.0511739253997803 342
1609701006657 1.8923500776290894 391
1609701088549 1.796404480934143 440
1609701171479 1.6407434940338135 489
1609701253065 1.61614990234375 538
1609701335746 1.5971436500549316 587
1609701416956 1.6084734201431274 636
1609701499113 1.6046395301818848 685
1609701582021 1.784084439277649 734
1609701663333 1.8087360858917236 783
1609701745202 1.8269647359848022 832
1609701826760 1.8408788442611694 881
1609701908297 1.903642177581787 930
1609701990328 1.8344199657440186 979
1609702072304 1.7561485767364502 1028
1609702153900 1.693037748336792 1077
1609702235753 1.6213842630386353 1126
1609702316964 1.4628239870071411 1175
1609702400336 1.4020717144012451 1224
1609702483248 1.23311185836792 1273
1609702565868 1.067674160003662 1322
1609702648821 1.0205565690994263 1371
1609702732200 0.8404720425605774 1420
1609702813477 0.8152467012405396 1469
