1609084032351 0.239713653922081 42
1609084061653 0.29417183995246887 85
1609084092090 0.31878662109375 128
1609084121906 0.38038721680641174 171
1609084151645 0.43145081400871277 214
1609084181300 0.4574333131313324 257
1609084211334 0.475413978099823 300
1609084240439 0.5147756934165955 343
1609084270117 0.5429045557975769 386
1609084300250 0.5669762492179871 429
1609084330787 0.5635277032852173 472
1609084360080 0.5779327750205994 515
1609084390205 0.5622934699058533 558
1609084419517 0.5448089241981506 601
1609084449117 0.5355837345123291 644
1609084478563 0.5250405073165894 687
1609084507677 0.5430490970611572 730
1609084537017 0.5185638070106506 773
1609084566249 0.5474422574043274 816
1609084595351 0.5354611277580261 859
1609084624791 0.5518833994865417 902
1609084654352 0.5983466506004333 945
1609084683871 0.5988304615020752 988
1609084713611 0.6396005153656006 1031
1609084743328 0.64705890417099 1074
1609084772831 0.7021204233169556 1117
1609084802185 0.7224285006523132 1160
1609084832139 0.7490489482879639 1203
1609084861651 0.7685431241989136 1246
1609084891878 0.7934486269950867 1289
1609084921215 0.7868446111679077 1332
1609084950995 0.7897009253501892 1375
1609084980240 0.7944750189781189 1418
1609085009743 0.7856634855270386 1461
1609085039118 0.753663957118988 1504
1609085068309 0.7544912099838257 1547
1609085097951 0.720355749130249 1590
1609085127607 0.7202795147895813 1633
1609085157220 0.7063799500465393 1676
1609085186753 0.7256477475166321 1719
1609085216100 0.7256340384483337 1762
1609085245493 0.7043394446372986 1805
1609085275043 0.7721867561340332 1848
1609085305060 0.7925726175308228 1891
1609085334640 0.8195679783821106 1934
1609085364125 0.8374489545822144 1977
1609085393700 0.8644012212753296 2020
1609085424340 0.8803110718727112 2063
1609085454197 0.8990107178688049 2106
1609085483576 0.9042345285415649 2149
1609085513138 0.8993645906448364 2192
1609085542591 0.914235532283783 2235
1609085571830 0.9099262356758118 2278
1609085601494 0.9087808132171631 2321
1609085630876 0.902765154838562 2364
1609085660416 0.8756900429725647 2407
1609085689782 0.8418167233467102 2450
1609085719046 0.849185049533844 2493
1609085748167 0.8344003558158875 2536
1609085777522 0.8242484331130981 2579
1609085806949 0.8100749850273132 2622
1609085836590 0.8371105790138245 2665
1609085865967 0.8606758713722229 2708
1609085895368 0.8680569529533386 2751
1609085924531 0.8907729387283325 2794
1609085954233 0.917731761932373 2837
1609085983684 0.9252076745033264 2880
1609086013097 0.9352148771286011 2923
1609086042591 0.9496238827705383 2966
1609086071952 0.9498266577720642 3009
1609086101255 0.943426251411438 3052
1609086130797 0.9496471285820007 3095
1609086159990 0.9522524476051331 3138
1609086189604 0.9550342559814453 3181
1609086219220 0.9526642560958862 3224
1609086248504 0.9440624117851257 3267
1609086278088 0.9107297658920288 3310
1609086307720 0.8865939974784851 3353
1609086337460 0.882303774356842 3396
1609086366721 0.8807787895202637 3439
1609086396145 0.8385704159736633 3482
1609086426023 0.8806689977645874 3525
1609086455376 0.8765188455581665 3568
1609086484909 0.9151367545127869 3611
1609086514219 0.9350248575210571 3654
1609086543583 0.9498479962348938 3697
1609086572860 0.9541748762130737 3740
1609086602215 0.9669064879417419 3783
1609086632067 0.9624149799346924 3826
1609086661548 0.9671090245246887 3869
1609086691151 0.9693771600723267 3912
1609086720485 0.9740995764732361 3955
1609086749667 0.9689124226570129 3998
1609086779191 0.9690566658973694 4041
1609086808640 0.975523829460144 4084
1609086838027 0.9690346121788025 4127
1609086867414 0.962400496006012 4170
1609086896543 0.9221546649932861 4213
1609086925953 0.9033859372138977 4256
1609086955469 0.8820589184761047 4299
