1609146541425 0.19026292860507965 48
1609146574511 0.22717569768428802 97
1609146608144 0.2504443824291229 146
1609146641283 0.256568044424057 195
1609146674391 0.2578601837158203 244
1609146707683 0.2675575613975525 293
1609146741244 0.27153441309928894 342
1609146775075 0.28161948919296265 391
1609146808984 0.293590784072876 440
1609146842144 0.3004867732524872 489
1609146875334 0.30990850925445557 538
1609146908683 0.3072933256626129 587
1609146942366 0.31446507573127747 636
1609146975640 0.3091138005256653 685
1609147008952 0.30667904019355774 734
1609147042155 0.3112497329711914 783
1609147075865 0.30982133746147156 832
1609147109095 0.30398330092430115 881
1609147142272 0.31376588344573975 930
1609147175920 0.33280736207962036 979
1609147209206 0.31885266304016113 1028
1609147242494 0.31928595900535583 1077
1609147275843 0.34180957078933716 1126
1609147309266 0.36580219864845276 1175
1609147343033 0.3907255232334137 1224
1609147376704 0.4085758328437805 1273
1609147410409 0.4325723350048065 1322
1609147444257 0.4394286870956421 1371
1609147478001 0.4512805640697479 1420
1609147511775 0.47836777567863464 1469
1609147544954 0.4679446518421173 1518
1609147578398 0.46186894178390503 1567
1609147612041 0.47269585728645325 1616
1609147645451 0.46212664246559143 1665
1609147679386 0.46369174122810364 1714
1609147712771 0.422824501991272 1763
1609147746068 0.4509463310241699 1812
1609147779315 0.4352452754974365 1861
1609147812482 0.4158691465854645 1910
1609147845911 0.44735294580459595 1959
1609147879250 0.43170952796936035 2008
1609147912435 0.4489641785621643 2057
1609147945820 0.4907468259334564 2106
1609147979032 0.49299484491348267 2155
1609148012231 0.5127192735671997 2204
1609148045510 0.5106478929519653 2253
1609148079422 0.5470184683799744 2302
1609148113223 0.5546373128890991 2351
1609148146862 0.5862877368927002 2400
1609148180164 0.590770423412323 2449
1609148213937 0.5901248455047607 2498
1609148247641 0.5955155491828918 2547
1609148281359 0.5838953852653503 2596
1609148314921 0.5637402534484863 2645
1609148348256 0.5730472207069397 2694
1609148381432 0.5611289143562317 2743
1609148414679 0.546398937702179 2792
1609148447945 0.5610191822052002 2841
1609148481300 0.5090950131416321 2890
1609148514518 0.5520435571670532 2939
1609148547793 0.5380042195320129 2988
1609148581093 0.5533869862556458 3037
1609148614373 0.579925000667572 3086
1609148647837 0.6006104350090027 3135
1609148681677 0.6164739727973938 3184
1609148715104 0.6254371404647827 3233
1609148748795 0.649669885635376 3282
1609148782631 0.6626477837562561 3331
1609148816347 0.6691514849662781 3380
1609148850067 0.6972440481185913 3429
1609148883922 0.7091484069824219 3478
1609148917272 0.6840196251869202 3527
1609148950531 0.6968104243278503 3576
1609148983899 0.706215500831604 3625
1609149017609 0.6785544157028198 3674
1609149050954 0.6787427663803101 3723
1609149084635 0.6653040647506714 3772
1609149117906 0.6427168250083923 3821
1609149151388 0.6509074568748474 3870
1609149184827 0.6244978308677673 3919
1609149218252 0.6625476479530334 3968
1609149251525 0.6532810926437378 4017
1609149284827 0.6647299528121948 4066
1609149318082 0.6903201937675476 4115
1609149351509 0.7111112475395203 4164
1609149385269 0.7285767793655396 4213
1609149418596 0.7556029558181763 4262
1609149452366 0.7529411911964417 4311
1609149486249 0.7665360569953918 4360
1609149519596 0.7632830142974854 4409
1609149553331 0.785367488861084 4458
1609149586702 0.7683206796646118 4507
1609149620592 0.7675992250442505 4556
1609149653976 0.7690052390098572 4605
1609149687274 0.7662543058395386 4654
1609149720637 0.7254670858383179 4703
1609149754003 0.7387037873268127 4752
1609149787346 0.7236567139625549 4801
1609149820643 0.7225242853164673 4850
1609149853905 0.7242342233657837 4899
