1609387387380 0 48
1609387387389 0 48
1609387417022 1 97
1609387417033 1 97
1609387447187 2 146
1609387447196 2 146
1609387477288 3 195
1609387477296 3 195
1609387506960 4 244
1609387506973 4 244
1609387537090 5 293
1609387537099 5 293
1609387567183 6 342
1609387567192 6 342
1609387597393 7 391
1609387597402 7 391
1609387627573 8 440
1609387627582 8 440
1609387657700 9 489
1609387657709 9 489
1609387687924 10 538
1609387687934 10 538
1609387718094 11 587
1609387718103 11 587
1609387748248 12 636
1609387748258 12 636
1609387777886 13 685
1609387777896 13 685
1609387807746 14 734
1609387807755 14 734
1609387837650 15 783
1609387837660 15 783
1609387867458 16 832
1609387867469 16 832
1609387897156 17 881
1609387897164 17 881
1609387927194 18 930
1609387927206 18 930
1609387957072 19 979
1609387957082 19 979
1609387986904 20 1028
1609387986915 20 1028
1609388016774 21 1077
1609388016788 21 1077
1609388046677 22 1126
1609388046689 22 1126
1609388076532 23 1175
1609388076541 23 1175
1609388106674 24 1224
1609388106684 24 1224
1609388136903 25 1273
1609388136912 25 1273
1609388167184 26 1322
1609388167193 26 1322
1609388197360 27 1371
1609388197370 27 1371
1609388227612 28 1420
1609388227622 28 1420
1609388257702 29 1469
1609388257711 29 1469
