1609694579106 0.20265333354473114 48
1609694662615 0.2524399161338806 97
1609694746609 0.3218408226966858 146
1609694829992 0.3749426007270813 195
1609694912469 0.4166795015335083 244
1609694995085 0.4770423471927643 293
1609695077337 0.5080909132957458 342
1609695160742 0.5336241722106934 391
1609695245220 0.5894076228141785 440
1609695329325 0.5949888825416565 489
1609695412909 0.6042445302009583 538
1609695497417 0.6123088598251343 587
1609695580738 0.605034589767456 636
1609695663320 0.6031296253204346 685
1609695746183 0.5907731056213379 734
1609695828894 0.5741031169891357 783
1609695909993 0.5819238424301147 832
1609695992834 0.5948472023010254 881
1609696075770 0.6105815768241882 930
1609696158950 0.5934416055679321 979
1609696241602 0.6069987416267395 1028
1609696323983 0.6107169985771179 1077
1609696406127 0.6574975848197937 1126
1609696489136 0.6534339785575867 1175
1609696572034 0.6940471529960632 1224
1609696655001 0.7124650478363037 1273
1609696737114 0.718701958656311 1322
1609696819778 0.7346251606941223 1371
1609696902565 0.7441819906234741 1420
1609696985171 0.7555208206176758 1469
