1609351473061 2.9803102016448975 48
1609351506790 2.6303629875183105 97
1609351540864 2.3442347049713135 146
1609351574674 2.213439464569092 195
1609351608640 1.9782047271728516 244
1609351642082 1.788972020149231 293
1609351675815 1.5654627084732056 342
1609351709658 1.3318233489990234 391
1609351743644 1.2124075889587402 440
1609351777655 1.0772197246551514 489
1609351811359 1.0603522062301636 538
1609351845066 1.077365517616272 587
1609351878841 1.0856302976608276 636
1609351912600 1.113012671470642 685
1609351945871 1.2253371477127075 734
1609351979287 1.3093173503875732 783
1609352012710 1.305798888206482 832
1609352045994 1.5140995979309082 881
1609352079225 1.3631008863449097 930
1609352112896 1.4392105340957642 979
1609352146143 1.3883867263793945 1028
1609352179439 1.2698619365692139 1077
1609352212742 1.2260829210281372 1126
1609352246075 1.0051509141921997 1175
1609352279424 0.9533323645591736 1224
1609352312728 0.7783405184745789 1273
1609352346446 0.5925970673561096 1322
1609352380361 0.4745759665966034 1371
1609352414171 0.40331462025642395 1420
1609352447847 0.3509397804737091 1469
