1609401409318 3.091479539871216 48
1609401439522 2.9648547172546387 97
1609401469677 2.9136178493499756 146
1609401499273 2.8075754642486572 195
1609401529010 2.726668119430542 244
1609401559045 2.6049633026123047 293
1609401589048 2.48036527633667 342
1609401619127 2.3543107509613037 391
1609401649342 2.2879629135131836 440
1609401679503 2.2267069816589355 489
1609401709375 2.193600654602051 538
1609401739476 2.201052188873291 587
1609401769663 2.1889355182647705 636
1609401799322 2.2396340370178223 685
1609401829024 2.319628953933716 734
1609401858913 2.338709592819214 783
1609401888711 2.354053497314453 832
1609401918358 2.2852437496185303 881
1609401948051 2.4023029804229736 930
1609401977782 2.2718098163604736 979
1609402007413 2.1681969165802 1028
1609402037163 2.1701126098632812 1077
1609402066861 2.0487091541290283 1126
1609402096996 1.9860820770263672 1175
1609402127045 1.926042079925537 1224
1609402157154 1.7507686614990234 1273
1609402187261 1.55488920211792 1322
1609402217536 1.603352665901184 1371
1609402247660 1.4448657035827637 1420
1609402277803 1.3520734310150146 1469
