1609433787729 0.21922904253005981 48
1609433821141 0.27527305483818054 97
1609433855213 0.3356347680091858 146
1609433888846 0.36280229687690735 195
1609433922620 0.3687749207019806 244
1609433956372 0.40276265144348145 293
1609433990421 0.4915250837802887 342
1609434024195 0.5181925892829895 391
1609434057994 0.5107058882713318 440
1609434091777 0.5451692938804626 489
1609434125340 0.5382181406021118 538
1609434159050 0.5877849459648132 587
1609434192305 0.5742549896240234 636
1609434225622 0.565761923789978 685
1609434259090 0.5626353025436401 734
1609434292500 0.5441017746925354 783
1609434325950 0.5325626730918884 832
1609434359240 0.5190828442573547 881
1609434392441 0.5284062623977661 930
1609434425858 0.4917183220386505 979
1609434459388 0.5504568219184875 1028
1609434492751 0.5783255100250244 1077
1609434526276 0.5981629490852356 1126
1609434559970 0.521550178527832 1175
1609434593490 0.6714330911636353 1224
1609434627268 0.5584475994110107 1273
1609434661190 0.7010595798492432 1322
1609434694910 0.673924446105957 1371
1609434728945 0.6762175559997559 1420
1609434762650 0.6791706681251526 1469
1609434796341 0.715989887714386 1518
1609434830269 0.6204298734664917 1567
1609434863828 0.7729604840278625 1616
1609434897201 0.6192701458930969 1665
1609434930759 0.6798076629638672 1714
1609434963944 0.730462372303009 1763
1609434997380 0.7367298007011414 1812
1609435030619 0.6816233992576599 1861
1609435063967 0.6595538854598999 1910
1609435097195 0.715770423412323 1959
