1609404294679 3.074073076248169 48
1609404324779 2.8482911586761475 97
1609404354966 2.7144510746002197 146
1609404385292 2.5809261798858643 195
1609404415528 2.437962770462036 244
1609404445748 2.292139768600464 293
1609404476120 2.072165012359619 342
1609404506438 1.993736743927002 391
1609404536858 1.7632004022598267 440
1609404567135 1.7638342380523682 489
1609404597483 1.780817985534668 538
1609404627713 1.6780595779418945 587
1609404658028 1.7424248456954956 636
1609404688038 1.8888351917266846 685
1609404717821 1.88727867603302 734
1609404747757 1.9204192161560059 783
1609404777475 1.9760692119598389 832
1609404807243 2.054748058319092 881
1609404837144 1.9908784627914429 930
1609404867188 2.0869054794311523 979
1609404896873 1.9424176216125488 1028
1609404927153 1.9421764612197876 1077
1609404956996 1.7896604537963867 1126
1609404987019 1.6812869310379028 1175
1609405017442 1.591591477394104 1224
1609405047992 1.5046316385269165 1273
1609405078562 1.2906901836395264 1322
1609405109130 1.2680121660232544 1371
1609405139504 1.1563283205032349 1420
1609405169155 1.057602882385254 1469
