1609350375225 0.2847183644771576 48
1609350409158 0.352252334356308 97
1609350442637 0.4210111200809479 146
1609350476492 0.4924471080303192 195
1609350510356 0.5709151029586792 244
1609350544256 0.6274117231369019 293
1609350578117 0.6747139692306519 342
1609350611955 0.7350385189056396 391
1609350645771 0.7594226002693176 440
1609350679646 0.7998725175857544 489
1609350713124 0.8033114075660706 538
1609350747328 0.8083471655845642 587
1609350780600 0.8247007727622986 636
1609350814145 0.7904935479164124 685
1609350847330 0.7784988880157471 734
1609350880642 0.7562780976295471 783
1609350914097 0.7456778883934021 832
1609350947560 0.737661600112915 881
1609350980869 0.7311328649520874 930
1609351014324 0.7572652101516724 979
1609351047768 0.791858971118927 1028
1609351081068 0.7992019653320312 1077
1609351114499 0.8423659801483154 1126
1609351147889 0.8484628200531006 1175
1609351181655 0.8699348568916321 1224
1609351215468 0.8944823145866394 1273
1609351248721 0.9243230223655701 1322
1609351282701 0.9261439442634583 1371
1609351316784 0.9463015198707581 1420
1609351350451 0.9515135288238525 1469
