1609084032351 1.2823423147201538 42
1609084061653 1.1403999328613281 85
1609084092090 1.0624536275863647 128
1609084121906 1.0086021423339844 171
1609084151645 0.9137076735496521 214
1609084181300 0.8686015605926514 257
1609084211334 0.8182258009910583 300
1609084240439 0.7453776001930237 343
1609084270117 0.713241457939148 386
1609084300250 0.6733485460281372 429
1609084330787 0.6656810641288757 472
1609084360080 0.6610902547836304 515
1609084390205 0.6705190539360046 558
1609084419517 0.7099764347076416 601
1609084449117 0.7033283114433289 644
1609084478563 0.7447361350059509 687
1609084507677 0.7197734713554382 730
1609084537017 0.7623781561851501 773
1609084566249 0.7261573672294617 816
1609084595351 0.7516315579414368 859
1609084624791 0.7255393862724304 902
1609084654352 0.6717239618301392 945
1609084683871 0.654308021068573 988
1609084713611 0.5975781679153442 1031
1609084743328 0.5649906992912292 1074
1609084772831 0.4915560483932495 1117
1609084802185 0.4207662343978882 1160
1609084832139 0.3976460099220276 1203
1609084861651 0.35900363326072693 1246
1609084891878 0.3473168611526489 1289
1609084921215 0.3424813151359558 1332
1609084950995 0.33376845717430115 1375
1609084980240 0.3411596417427063 1418
1609085009743 0.33878883719444275 1461
1609085039118 0.3698806166648865 1504
1609085068309 0.4090273976325989 1547
1609085097951 0.48224154114723206 1590
1609085127607 0.47057870030403137 1633
1609085157220 0.5093408823013306 1676
1609085186753 0.47702130675315857 1719
1609085216100 0.4696236848831177 1762
1609085245493 0.5270182490348816 1805
1609085275043 0.39300769567489624 1848
1609085305060 0.38318130373954773 1891
1609085334640 0.3398424983024597 1934
1609085364125 0.26714056730270386 1977
1609085393700 0.23263712227344513 2020
1609085424340 0.1980406641960144 2063
1609085454197 0.15856316685676575 2106
1609085483576 0.15184444189071655 2149
1609085513138 0.15885671973228455 2192
1609085542591 0.15061821043491364 2235
1609085571830 0.16384495794773102 2278
1609085601494 0.15053854882717133 2321
1609085630876 0.1574946790933609 2364
1609085660416 0.21836090087890625 2407
1609085689782 0.2918272912502289 2450
1609085719046 0.2806411683559418 2493
1609085748167 0.2949056327342987 2536
1609085777522 0.30083683133125305 2579
1609085806949 0.3542843163013458 2622
1609085836590 0.30567666888237 2665
1609085865967 0.2597197890281677 2708
1609085895368 0.27246713638305664 2751
1609085924531 0.21337920427322388 2794
1609085954233 0.15565520524978638 2837
1609085983684 0.13301633298397064 2880
1609086013097 0.10872172564268112 2923
1609086042591 0.09071514010429382 2966
1609086071952 0.0817173570394516 3009
1609086101255 0.0908856987953186 3052
1609086130797 0.07786665111780167 3095
1609086159990 0.07666414976119995 3138
1609086189604 0.07561444491147995 3181
1609086219220 0.07817015051841736 3224
1609086248504 0.10349168628454208 3267
1609086278088 0.1704622209072113 3310
1609086307720 0.21167436242103577 3353
1609086337460 0.21356119215488434 3396
1609086366721 0.21644963324069977 3439
1609086396145 0.31279605627059937 3482
1609086426023 0.23423878848552704 3525
1609086455376 0.2067432552576065 3568
1609086484909 0.15813976526260376 3611
1609086514219 0.10745608061552048 3654
1609086543583 0.08763475716114044 3697
1609086572860 0.07795543968677521 3740
1609086602215 0.06502645462751389 3783
1609086632067 0.05617139860987663 3826
1609086661548 0.05184182524681091 3869
1609086691151 0.04994935914874077 3912
1609086720485 0.04434671998023987 3955
1609086749667 0.04744293913245201 3998
1609086779191 0.0481693260371685 4041
1609086808640 0.04749339818954468 4084
1609086838027 0.05610009282827377 4127
1609086867414 0.06064367666840553 4170
1609086896543 0.1341361105442047 4213
1609086925953 0.20606377720832825 4256
1609086955469 0.2487044483423233 4299
