1608650101790 0 48
1608650102902 0 48
1608650273575 1 97
1608650273606 1 97
1608650442385 2 146
1608650442411 2 146
1608650611242 3 195
1608650611269 3 195
1608650777660 4 244
1608650778782 4 244
1608650943912 5 293
1608650945215 5 293
1608651109765 6 342
1608651110856 6 342
1608651275882 7 391
1608651276980 7 391
1608651446819 8 440
1608651447926 8 440
1608651606775 9 489
1608651607885 9 489
1608651767200 10 538
1608651767225 10 538
1608651925088 11 587
1608651926132 11 587
1608652080786 12 636
1608652081858 12 636
1608652236418 13 685
1608652236443 13 685
1608652389390 14 734
1608652389415 14 734
1608652540898 15 783
1608652540934 15 783
1608652695227 16 832
1608652695253 16 832
1608652848490 17 881
1608652848515 17 881
1608653002626 18 930
1608653002652 18 930
1608653154758 19 979
1608653154790 19 979
1608653308489 20 1028
1608653308515 20 1028
1608653462746 21 1077
1608653462787 21 1077
1608653614912 22 1126
1608653615967 22 1126
1608653774730 23 1175
1608653774755 23 1175
1608653933902 24 1224
1608653934983 24 1224
1608654101906 25 1273
1608654101935 25 1273
1608654268774 26 1322
1608654268800 26 1322
1608654428368 27 1371
1608654429480 27 1371
1608654588286 28 1420
1608654589386 28 1420
1608654753812 29 1469
1608654753839 29 1469
1608654916203 30 1518
1608654916229 30 1518
1608655077823 31 1567
1608655078947 31 1567
1608655242203 32 1616
1608655242231 32 1616
1608655406021 33 1665
1608655406048 33 1665
1608655570516 34 1714
1608655570555 34 1714
1608655734230 35 1763
1608655734257 35 1763
1608655899169 36 1812
1608655899198 36 1812
1608656061845 37 1861
1608656061871 37 1861
1608656224240 38 1910
1608656224269 38 1910
1608656385972 39 1959
1608656385999 39 1959
1608656548433 40 2008
1608656548459 40 2008
1608656711398 41 2057
1608656711423 41 2057
1608656872842 42 2106
1608656872869 42 2106
1608657033259 43 2155
1608657033297 43 2155
1608657193357 44 2204
1608657194453 44 2204
1608657354626 45 2253
1608657355718 45 2253
1608657515946 46 2302
1608657517108 46 2302
1608657677990 47 2351
1608657679081 47 2351
1608657839162 48 2400
1608657840589 48 2400
1608658009121 49 2449
1608658010285 49 2449
