1608650102902 1.280390977859497 48
1608650273606 1.1388797760009766 97
1608650442411 1.1173838376998901 146
1608650611269 1.0242552757263184 195
1608650778782 1.0538920164108276 244
1608650945215 0.9641042947769165 293
1608651110856 0.9333269000053406 342
1608651276980 0.8994148969650269 391
1608651447926 0.8419415354728699 440
1608651607885 0.8069716691970825 489
1608651767225 0.8044921159744263 538
1608651926132 0.794893205165863 587
1608652081858 0.8019014596939087 636
1608652236443 0.8035184741020203 685
1608652389415 0.812720775604248 734
1608652540934 0.8296040892601013 783
1608652695253 0.8780578374862671 832
1608652848515 0.8324346542358398 881
1608653002652 0.8142840266227722 930
1608653154790 0.8296847939491272 979
1608653308515 0.7783386707305908 1028
1608653462787 0.7918571829795837 1077
1608653615967 0.729236364364624 1126
1608653774755 0.7081344127655029 1175
1608653934983 0.636512041091919 1224
1608654101935 0.5609549880027771 1273
1608654268800 0.5062711834907532 1322
1608654429480 0.4644903838634491 1371
1608654589386 0.4134354889392853 1420
1608654753839 0.41162148118019104 1469
1608654916229 0.3958981931209564 1518
1608655078947 0.38150376081466675 1567
1608655242231 0.39081963896751404 1616
1608655406048 0.40078648924827576 1665
1608655570555 0.4103950262069702 1714
1608655734257 0.5225189328193665 1763
1608655899198 0.5036971569061279 1812
1608656061871 0.5484806895256042 1861
1608656224269 0.5625430345535278 1910
1608656385999 0.539056658744812 1959
1608656548459 0.5375106334686279 2008
1608656711423 0.43580377101898193 2057
1608656872869 0.4027477204799652 2106
1608657033297 0.40856194496154785 2155
1608657194453 0.3577284514904022 2204
1608657355718 0.28172075748443604 2253
1608657517108 0.2482393980026245 2302
1608657679081 0.21498705446720123 2351
1608657840589 0.1864555925130844 2400
1608658010285 0.17555010318756104 2449
