1608650102902 0.2340439409017563 48
1608650273606 0.2856428027153015 97
1608650442411 0.30110037326812744 146
1608650611269 0.3257293403148651 195
1608650778782 0.33701831102371216 244
1608650945215 0.3700823485851288 293
1608651110856 0.4078821539878845 342
1608651276980 0.4241865873336792 391
1608651447926 0.45526784658432007 440
1608651607885 0.4562305212020874 489
1608651767225 0.4634719491004944 538
1608651926132 0.4822285771369934 587
1608652081858 0.47854864597320557 636
1608652236443 0.483073890209198 685
1608652389415 0.48131054639816284 734
1608652540934 0.45598268508911133 783
1608652695253 0.4605295658111572 832
1608652848515 0.47118961811065674 881
1608653002652 0.4706558287143707 930
1608653154790 0.4731236696243286 979
1608653308515 0.502124011516571 1028
1608653462787 0.4929777979850769 1077
1608653615967 0.531439483165741 1126
1608653774755 0.5422847270965576 1175
1608653934983 0.5970631837844849 1224
1608654101935 0.6375221014022827 1273
1608654268800 0.6591049432754517 1322
1608654429480 0.6971354484558105 1371
1608654589386 0.7241053581237793 1420
1608654753839 0.7314369082450867 1469
1608654916229 0.7387617230415344 1518
1608655078947 0.754851222038269 1567
1608655242231 0.7409662008285522 1616
1608655406048 0.7460014224052429 1665
1608655570555 0.7240079641342163 1714
1608655734257 0.6710556745529175 1763
1608655899198 0.7025901675224304 1812
1608656061871 0.6765783429145813 1861
1608656224269 0.6652985215187073 1910
1608656385999 0.6779405474662781 1959
1608656548459 0.6734316349029541 2008
1608656711423 0.7338720560073853 2057
1608656872869 0.7549394965171814 2106
1608657033297 0.756574809551239 2155
1608657194453 0.7888559103012085 2204
1608657355718 0.8191861510276794 2253
1608657517108 0.8461487293243408 2302
1608657679081 0.8642946481704712 2351
1608657840589 0.8881916999816895 2400
1608658010285 0.8888923525810242 2449
