1609402367401 0.21804021298885345 48
1609402397726 0.2545031011104584 97
1609402428089 0.2595089375972748 146
1609402458530 0.2813875377178192 195
1609402488791 0.29207104444503784 244
1609402519124 0.3755158483982086 293
1609402549418 0.3959878087043762 342
1609402579958 0.41282641887664795 391
1609402610194 0.4468649923801422 440
1609402640526 0.4333936274051666 489
1609402671039 0.41417160630226135 538
1609402701305 0.39166221022605896 587
1609402731290 0.4400232136249542 636
1609402761372 0.3813140094280243 685
1609402791281 0.43185871839523315 734
1609402821366 0.35570618510246277 783
1609402851128 0.3857526183128357 832
1609402880956 0.4401659071445465 881
1609402910842 0.459173321723938 930
1609402940891 0.407828152179718 979
1609402970944 0.43105125427246094 1028
1609403001048 0.43309876322746277 1077
1609403031200 0.5038415193557739 1126
1609403061409 0.47148144245147705 1175
1609403091736 0.4540400207042694 1224
1609403122015 0.5142121911048889 1273
1609403152432 0.5642445087432861 1322
1609403182849 0.42032405734062195 1371
1609403213183 0.5265986919403076 1420
1609403243646 0.5796963572502136 1469
