1609662024845 3.0562803745269775 48
1609662108265 2.8364524841308594 97
1609662193151 2.6663906574249268 146
1609662276645 2.5803842544555664 195
1609662361441 2.399482011795044 244
1609662445130 2.2350893020629883 293
1609662530069 2.147120475769043 342
1609662615103 1.9885389804840088 391
1609662698651 1.907815933227539 440
1609662782918 1.811311960220337 489
1609662867907 1.7778024673461914 538
1609662952399 1.7494158744812012 587
1609663035767 1.7466113567352295 636
1609663119675 1.8373377323150635 685
1609663204018 1.800821304321289 734
1609663288077 2.0221612453460693 783
1609663370233 1.9615751504898071 832
1609663454082 1.9054926633834839 881
1609663537684 1.9338865280151367 930
1609663620659 1.901059865951538 979
1609663704973 1.906432032585144 1028
1609663788103 1.6828457117080688 1077
1609663872224 1.6242238283157349 1126
1609663955236 1.4837030172348022 1175
1609664039444 1.3154799938201904 1224
1609664124143 1.178131341934204 1273
1609664208393 0.96938157081604 1322
1609664290710 1.0504014492034912 1371
1609664375690 0.9600521326065063 1420
1609664460566 0.8145956993103027 1469
