1609402367392 0 48
1609402367401 0 48
1609402397717 1 97
1609402397726 1 97
1609402428080 2 146
1609402428089 2 146
1609402458521 3 195
1609402458530 3 195
1609402488782 4 244
1609402488791 4 244
1609402519116 5 293
1609402519124 5 293
1609402549409 6 342
1609402549418 6 342
1609402579950 7 391
1609402579958 7 391
1609402610185 8 440
1609402610194 8 440
1609402640517 9 489
1609402640526 9 489
1609402671030 10 538
1609402671039 10 538
1609402701296 11 587
1609402701305 11 587
1609402731280 12 636
1609402731290 12 636
1609402761364 13 685
1609402761372 13 685
1609402791273 14 734
1609402791281 14 734
1609402821354 15 783
1609402821366 15 783
1609402851118 16 832
1609402851128 16 832
1609402880947 17 881
1609402880956 17 881
1609402910832 18 930
1609402910842 18 930
1609402940883 19 979
1609402940891 19 979
1609402970935 20 1028
1609402970944 20 1028
1609403001036 21 1077
1609403001048 21 1077
1609403031192 22 1126
1609403031200 22 1126
1609403061400 23 1175
1609403061409 23 1175
1609403091728 24 1224
1609403091736 24 1224
1609403122006 25 1273
1609403122015 25 1273
1609403152420 26 1322
1609403152432 26 1322
1609403182840 27 1371
1609403182849 27 1371
1609403213174 28 1420
1609403213183 28 1420
1609403243637 29 1469
1609403243646 29 1469
