1609491478971 0 48
1609491478981 0 48
1609491512809 1 97
1609491512818 1 97
1609491546370 2 146
1609491546382 2 146
1609491580279 3 195
1609491580289 3 195
1609491614286 4 244
1609491614297 4 244
1609491648384 5 293
1609491648394 5 293
1609491682433 6 342
1609491682443 6 342
1609491716346 7 391
1609491716356 7 391
1609491750382 8 440
1609491750392 8 440
1609491784445 9 489
1609491784456 9 489
1609491818653 10 538
1609491818664 10 538
1609491852766 11 587
1609491852776 11 587
1609491886831 12 636
1609491886842 12 636
1609491920470 13 685
1609491920482 13 685
1609491954204 14 734
1609491954216 14 734
1609491987919 15 783
1609491987934 15 783
1609492021864 16 832
1609492021874 16 832
1609492055487 17 881
1609492055501 17 881
1609492089065 18 930
1609492089080 18 930
1609492122750 19 979
1609492122760 19 979
1609492156720 20 1028
1609492156734 20 1028
1609492190385 21 1077
1609492190396 21 1077
1609492224564 22 1126
1609492224576 22 1126
1609492258108 23 1175
1609492258121 23 1175
1609492292474 24 1224
1609492292485 24 1224
1609492326709 25 1273
1609492326719 25 1273
1609492360541 26 1322
1609492360555 26 1322
1609492395189 27 1371
1609492395200 27 1371
1609492429433 28 1420
1609492429444 28 1420
1609492463919 29 1469
1609492463930 29 1469
1609492497798 30 1518
1609492497811 30 1518
1609492531942 31 1567
1609492531956 31 1567
1609492565841 32 1616
1609492565851 32 1616
1609492599741 33 1665
1609492599753 33 1665
1609492633600 34 1714
1609492633614 34 1714
1609492667297 35 1763
1609492667310 35 1763
1609492700947 36 1812
1609492700959 36 1812
1609492734676 37 1861
1609492734686 37 1861
1609492768562 38 1910
1609492768573 38 1910
1609492802232 39 1959
1609492802246 39 1959
