1609476028880 3.0228748321533203 48
1609476061746 2.7532269954681396 97
1609476094991 2.548658847808838 146
1609476128268 2.387202024459839 195
1609476161299 2.1212122440338135 244
1609476194796 1.9986153841018677 293
1609476228079 1.8013015985488892 342
1609476261651 1.609976887702942 391
1609476295158 1.458829402923584 440
1609476328556 1.3457036018371582 489
1609476361704 1.328697681427002 538
1609476395058 1.3471616506576538 587
1609476428054 1.3422635793685913 636
1609476461070 1.3907426595687866 685
1609476494033 1.5054595470428467 734
1609476527008 1.5698550939559937 783
1609476560042 1.5130199193954468 832
1609476593239 1.6738135814666748 881
1609476626345 1.6539075374603271 930
1609476659320 1.6018246412277222 979
1609476692304 1.460099220275879 1028
1609476725303 1.3833731412887573 1077
1609476758273 1.3622171878814697 1126
1609476791725 1.2073670625686646 1175
1609476824633 1.0824118852615356 1224
1609476858356 0.91753089427948 1273
1609476891778 0.6956950426101685 1322
1609476925326 0.580903172492981 1371
1609476958867 0.4985845685005188 1420
1609476992280 0.45871326327323914 1469
1609477025795 0.4480123817920685 1518
1609477058799 0.46951988339424133 1567
1609477091889 0.4358208179473877 1616
1609477124934 0.4492327570915222 1665
1609477157987 0.5374622344970703 1714
1609477190914 0.7121337056159973 1763
1609477224018 0.8458231687545776 1812
1609477257014 0.8341501951217651 1861
1609477289971 1.0251200199127197 1910
1609477322924 0.9071424603462219 1959
