1609610844070 0.265388160943985 48
1609610935786 0.3671998381614685 97
1609611028674 0.43137726187705994 146
1609611120529 0.5142969489097595 195
1609611213355 0.5864671468734741 244
1609611306430 0.645047128200531 293
1609611400060 0.6923101544380188 342
1609611492990 0.7299094200134277 391
1609611585476 0.7843624949455261 440
1609611678471 0.7894332408905029 489
1609611769167 0.7975332140922546 538
1609611861682 0.8047981858253479 587
1609611953051 0.7949955463409424 636
1609612044775 0.8050100803375244 685
1609612136831 0.7819511294364929 734
1609612230345 0.7842850089073181 783
1609612323650 0.7872543334960938 832
1609612416643 0.7556094527244568 881
1609612508353 0.7526983022689819 930
1609612599778 0.7756038308143616 979
1609612690338 0.7731448411941528 1028
1609612783532 0.8019818663597107 1077
1609612874873 0.8156653642654419 1126
1609612966647 0.8340687155723572 1175
1609613059028 0.8714262247085571 1224
1609613151726 0.8892523646354675 1273
1609613244030 0.9062707424163818 1322
1609613336854 0.9260106682777405 1371
1609613429197 0.932418167591095 1420
1609613520591 0.939608633518219 1469
