1609333545633 0 48
1609333545642 0 48
1609333578906 1 97
1609333578915 1 97
1609333611862 2 146
1609333611871 2 146
1609333645089 3 195
1609333645098 3 195
1609333677940 4 244
1609333677949 4 244
1609333710949 5 293
1609333710958 5 293
1609333743960 6 342
1609333743971 6 342
1609333777053 7 391
1609333777062 7 391
1609333810177 8 440
1609333810186 8 440
1609333843311 9 489
1609333843321 9 489
1609333876435 10 538
1609333876444 10 538
1609333909787 11 587
1609333909795 11 587
1609333942793 12 636
1609333942803 12 636
1609333975263 13 685
1609333975275 13 685
1609334007979 14 734
1609334007992 14 734
1609334040594 15 783
1609334040606 15 783
1609334073159 16 832
1609334073172 16 832
1609334105574 17 881
1609334105583 17 881
1609334138099 18 930
1609334138110 18 930
1609334170790 19 979
1609334170802 19 979
1609334203530 20 1028
1609334203541 20 1028
1609334236118 21 1077
1609334236128 21 1077
1609334268867 22 1126
1609334268879 22 1126
1609334301415 23 1175
1609334301426 23 1175
1609334334662 24 1224
1609334334670 24 1224
1609334367663 25 1273
1609334367675 25 1273
1609334400640 26 1322
1609334400649 26 1322
1609334433706 27 1371
1609334433716 27 1371
1609334466916 28 1420
1609334466925 28 1420
1609334500166 29 1469
1609334500175 29 1469
