1609334620076 2.9661478996276855 48
1609334653268 2.7060320377349854 97
1609334686577 2.4978158473968506 146
1609334719707 2.290308713912964 195
1609334752350 2.1331746578216553 244
1609334785366 1.956144094467163 293
1609334818411 1.7840445041656494 342
1609334851417 1.6083203554153442 391
1609334884424 1.471827745437622 440
1609334917441 1.349722146987915 489
1609334950017 1.322809100151062 538
1609334983173 1.3435496091842651 587
1609335015699 1.374381184577942 636
1609335048404 1.3638488054275513 685
1609335081244 1.4312710762023926 734
1609335113986 1.5497243404388428 783
1609335146535 1.5536203384399414 832
1609335179290 1.6599278450012207 881
1609335211749 1.5511082410812378 930
1609335244395 1.611611247062683 979
1609335276679 1.6177356243133545 1028
1609335309255 1.4635670185089111 1077
1609335341748 1.3992044925689697 1126
1609335374594 1.2487775087356567 1175
1609335407734 1.105333924293518 1224
1609335440288 0.896620512008667 1273
1609335473261 0.7592204213142395 1322
1609335506258 0.6406296491622925 1371
1609335539146 0.5657051205635071 1420
1609335572139 0.4816426634788513 1469
